0617120101깵2017010210210414139122138 28 31 15 6222 405       
0617120102낸2017010410230235142128131 25 20 21 62             
0617120103낸2017010410330215145130127 18 21 23 61             
0617120104낸2017010410130214158140132  8 12 18 42             
0617120105낸2017010410320915140130132 23 18 18 54             
0617120106괉2017010310211015153132127 14 19 26 6123 505       
0617120107낸2017010410210414138130145 30 23  9 4733 3A3       
0617120108낸2017010410130234149142128 16  9 20 47             
0617120109괉2017010310221014149129140 18 26 13 4832 305       
0617120110낸2017010410210415148130135 20 24 19 60             
0617120111낸2017010410210416153128143 15 26 11 5131 3A3       
0617120112낸2017010410130214143145148 23  7  2 24             
0617120113괉2017010310110414155145129 10  6 21 42             
0617120114괉2017010310130214148140132 17 11 18 47             
0617120115낸2017010420130214154142134 12 10 16 4023 3         
0617120116낸2017010420120914149132121 17 20 29 7123 305       
0617120201괉2017010310210415146128132 21 25 21 6431 305       
0617120202낸2017010410310415149138137 14 14 13 3723 3A3       
0617120203낸2017010410230235140128133 27 24 19 6312 405       
0617120204낸2017010410230215146132135 22 22 19 5911 305       
0617120205낸2017010410230236156124128 11 25 24 6523 505       
0617120206괉2017010310720936144129136 21 21 12 5013 705       
0617120207낸2017010410110414140126134 26 26 16 6433 3A3       
0617120208괉2017010320130214142131137 23 20 13 52             
0617120209낸2017010410230215148125140 20 27 14 5512 405       
0617120210괉2017010310130214144132125 21 19 25 6723 3A3       
0617120211괉2017010310230234154132134 12 19 17 4323 3A3       
0617120212괉2017010320120914158142129  7  9 21 4322 3A3       
0617120213괉2017010310230215156138142 11 15 11 3433 410       
0617120214괉2017010310210414150139131 17 15 22 4922 3A3       
0617120215괉2017010310210414138126139 29 25 14 5523 4A3       
0617120216낸2017010420130214131127128 35 25 22 77             
0617120301괉2017010310310435144135125 19 16 24 5823 405       
0617120302낸2017010410110414148135124 18 17 26 64             
0617120303낸2017010410220915150131127 18 20 27 66             
0617120304낸2017010420120914158139128  8 13 22 4923 3A3       
0617120305낸2017010420130214140136129 26 16 21 6133 610       
0617120306괉2017010320130214149135133 16 16 17 5021 405       
0617120307괉2017010310230216147128144 20 25  9 4921 3A3       
0617120308괉2017010310120934139132123 25 18 25 68             
0617120309낸2017010420130214146134126 20 18 24 6423 3A3       
0617120310괉2017010310230214144132135 23 22 18 5411 3A3       
0617120311낸2017010410210435146130127 21 25 25 69             
0617120312낸2017010410230245147138147 20 17  5 3331 3A3       
0617120313괉2017010310110414145138132 20 13 18 51             
0617120314낸2017010410220915146134141 22 22 13 50             
0617120315낸2017010410230244148126137 19 27 15 5321 3         
0617120316낸2017010410130214149148144 17  4  6 23             
0617120401괉2017010310210415144124152 23 28  1 4031 3A3       
0617120402낸2017010410130234148128127 17 23 21 6322 405       
0617120403괉2017010311110414148134123 16 16 25 6111 3A3       
0617120404뒞2017010510130214175166149  0  0  2  2             
0617120405낸2017010410121014151132126 15 20 24 6321 3A3       
0617120406괉2017010310130244146129133 18 21 15 5321 3A3       
0617120407괉2017010310210435150134132 16 18 19 5211 3A3       
0617120408낸2017010410210415158136139 10 20 15 4433 3A3       
0617120409괉2017010320110434149136126 15 14 22 5423 405       
0617120410낸2017010420130214155142133 11 10 17 4023 3A3       
0617120411괉2017010311210416157136122  9 15 25 5533 3         
0617120412괉2017010310210436153130130 13 22 21 6021 410       
0617120413낸2017010410230235145136141 22 17 11 4323 3A3       
0617120414낸2017010410730235146132126 18 18 21 5823 405       
0617120415괉2017010310730215147128133 19 23 17 5811 3         
0617120416괉2017010310711035145131134 20 20 14 5133 3         
0617120501낸2017010410111034138128124 27 23 24 7323 505       
0617120502낸2017010410210415137132130 31 21 24 7122 510       
0617120503낸2017010410230215150128138 18 25 16 5621 3A3       
0617120504낸2017010410220915152128134 16 25 20 6023 3A3       
0617120505낸2017010410211015147127137 21 27 17 6122 610       
0617120506낸2017010410230214144134133 24 20 21 57             
0617120507낸2017010410130214152148152 14  4  0 12             
0617120508낸2017010410220914139128137 29 26 17 60             
0617120509괉2017010310210434138126137 28 26 14 5533 3A3       
0617120510佳01701060B1 99 0                                  
0617120511괉2017010310130214142141131 23 10 19 51             
0617120512낸2017010410230214156128135 12 26 19 53             
0617120513괉2017010310230214149143144 18 10  9 27             
0617120514낸2017010410230215149128133 19 25 21 6323 3         
0617120515낸2017010420110434144130120 21 21 28 73             
0617120516괉2017010311010435140126118 22 20 26 6722 510       
0617120601괉2017010310220915155140130 12 13 23 50             
0617120602낸2017010411130214149140138 17 11 11 37             
0617120603괉2017010311210416139130123 27 22 24 7111 510       
0617120604낸2017010410120914143136124 23 16 26 66             
0617120605낸2017010410220915154126140 14 28 14 5331 3A3       
0617120606괉2017010320111014148130133 17 21 17 5523 3A3       
0617120607괉2017010310210415154135128 13 20 25 6021 3         
0617120608낸2017010410230215147123137 21 30 17 6322 610       
0617120609괉2017010310230216153127139 14 26 14 5411 3         
0617120610괉2017010310130244147137130 17 13 18 49             
0617120611괉2017010310721015156138127 10 14 23 52             
0617120612낸2017010410310415136134136 27 17 14 50             
0617120701낸2017010410210415142130138 26 21 16 56             
0617120702낸2017010410230214160128131  8 25 23 5511 3         
0617120703괉2017010310230244132134131 34 19 20 6121 410       
0617120704낸2017010410230245154136129 13 19 23 5612 705       
0617120705낸2017010410110414146132131 20 20 19 59             
0617120706괉2017010310730215138132132 28 20 18 6223 510       
0617120707낸2017010420120914149132124 17 20 26 67             
0617120708낸2017010410211014130112129 38 37 25 88             
0617120709낸2017010410230215147129135 21 25 19 61             
0617120710낸2017010410220915142132124 26 22 30 7723 3A3       
0617120711괉2017010310230214145128128 22 24 25 6523 305       
0617120712낸2017010410110414139121125 27 31 25 82             
0617120713낸2017010410230225144138136 24 16 18 53             
0617120714낸2017010410210424147133137 21 22 17 5123 5A3       
0617120715낸2017010411110414139127125 27 24 24 74             
0617120716낸2017010410220944146134130 21 21 22 5723 7OP       
0617120801낸2017010411130214152136125 14 15 24 57             
0617120802괉2017010311811034165132123  5 10 17 37             
0617120803낸2017010421130234159138128  6 12 19 4232 4A3       
0617120804낸2017010410730235147133127 17 17 20 55             
0617120805괉2017010310730235138130133 27 21 15 58             
0617120806낸2017010410330235140134122 22 15 26 61             
0617120807괉2017010311230236146134130 19 14 15 46             
0617120808괉2017010310730235147130140 18 21  8 43             
0617120809낸2017010410730236139137139 25 14  8 40             
0617120810낸2017010411221036158132118  7 19 27 60             
0617120811낸2017010410721015148126136 17 25 13 53             
0617120812괉2017010310210425146133132 21 22 21 61             
0617120901괉2017010310220914143126132 24 27 21 6411 3A3       
0617120902낸2017010410210435151136129 16 18 23 5711 505       
0617120903낸2017010410211035144130128 23 24 24 68             
0617120904괉2017010310210415146130131 21 24 22 6511 3A3       
0617120905괉2017010310230234145124128 21 26 23 6423 610       
0617120906낸2017010410121014143134125 23 18 25 6711 3A3       
0617120907낸2017010410210415146129137 22 24 17 5833 3A3       
0617120908낸2017010410210415148122132 20 31 22 7013 516       
0617120909괉2017010310130214145144128 20  7 22 50             
0617121001괉2017010310230215144144134 23  8 19 45             
0617121002낸2017010411230216145132125 21 18 22 60             
0617121003괉2017010310220915145128129 22 24 24 68             
0617121004낸2017010410220915151128136 17 25 18 5721 516       
0617121005낸2017010411120914141126126 25 25 23 72             
0617121006괉2017010310110414144132130 21 19 20 6032 516       
0617121007낸2017010411230216150126122 16 26 25 7023 305       
0617121008낸2017010410230214142130132 26 24 22 64             
0617121009괉2017010310211016148138137 19 17 16 5113 505       
0617121010괉2017010310230215150138126 17 15 27 60             
0617121011낸2017010410730215149126133 16 25 16 57             
0617121101낸2017010411110414136128127 30 23 22 72             
0617121102괉2017010311230246146131123 19 19 22 6123 610       
0617121103낸2017010410221016151128137 17 25 17 5921 510       
0617121104낸2017010411230216142131129 24 16 18 55             
0617121105낸2017010410210415144129147 24 22  7 4331 505       
0617121106낸2017010411110444145136127 20 14 20 54             
0617121107낸2017010410230215152146146 16  8  8 26             
0617121108괉2017010311230246153134129 12 14 16 44             
0617121109낸2017010410210435154126134 13 27 18 57             
0617121110낸2017010410230226150137133 18 17 21 5722 3OP       
0617121111괉2017010311130244136128129 27 21 17 61             
0617121112낸2017010410211034140128134 27 24 18 5922 3A3       
0617121113괉2017010311110414146126122 18 24 26 71             
0617121114낸2017010410230234149124127 18 27 25 6623 3A3       
0617121201낸2017010410210415140128133 28 25 21 6923 3         
0617121202낸2017010410130234150136122 15 15 26 60             
0617121203낸2017010411030214139132118 25 17 29 65             
0617121204낸2017010410230215139126138 29 30 16 67             
0617121205낸2017010410230214137127138 31 27 16 6133 305       
0617121206괉2017010310220945148131136 18 21 15 50             
0617121207괉2017010320130214150136128 15 15 22 5521 3         
0617121208낸2017010410130214143134136 23 18 14 51             
0617121209괉2017010310230214160136136  7 17 17 38             
0617121210괉2017010310230215152136127 15 16 26 5821 3A3       
0617121211괉2017010310210415148133140 19 21 13 4831 405       
0617121212괉2017010310130214136144127 29  7 23 57             
0617121213낸2017010420110414154140127 12 12 23 51             
0617121214낸2017010410230215142128139 26 25 15 5932 816       
0617121215괉2017010310230236148134138 18 18 13 4731 716       
0617121216낸2017010411030215158131123  6 18 24 52             
0817120101괉2017010311210414134126127 32 25 20 5931 3A3       
0817120102낸2017010411120914155140135 11 11 14 3731 3         
0817120103괉2017010311110414138126130 26 24 18 6521 3A3       
0817120104낸2017010411110414158132131  8 19 18 4921 3A3       
0817120105낸2017010411110414145132133 21 19 16 5421 610       
0817120106괉2017010311210436147134124 18 16 21 5631 3         
0817120107낸2017010411110414142130127 24 21 22 6611 405       
0817120108괉2017010311130214152143131 12  7 17 38             
0817120109낸2017010411130214155144135 11  7 14 33             
0817120110낸2017010411210436151136123 14 14 22 5333 3         
0817120111낸2017010411230216153131127 13 20 20 5523 505       
0817120112낸2017010411130214162144127  4  7 22 4022 405       
0817120113낸2017010411130214152135131 14 16 18 5013 3         
0817120114낸2017010411210416152134125 14 15 22 53             
0817120115괉2017010311110414142134130 22 16 18 5533 610       
0817120116괉2017010311130214140124129 24 26 19 6723 3A3       
0817120201괉2017010311130214153144127 11  6 21 42             
0817120202낸2017010411420936151131121 11 17 15 4533 3         
0817120203괉2017010311120944149132120 14 17 26 6233 610       
0817120204낸2017010411130234150134123 15 16 24 59             
0817120205깵2017010211220915162132126  6 21 22 4932 3A3       
0817120206낸20170104111302 4209142133  0  9 16 32             
0817120207괉2017010311130214159140129  5 10 19 40             
0817120208낸2017010411110434140125133 25 25 14 6021 3A3       
0817120209낸2017010411110414148132125 18 19 24 6333 410       
0817120210괉2017010311120934157138123  6 11 23 47             
0817120211낸2017010411130214152137131 14 14 18 48             
0817120212괉2017010311130214151139125 13 11 23 5122 3A3       
0817120213괉2017010311511416151130120  9 19 29 65             
0817120214괉2017010311120914154134127 10 16 21 52             
0817120215괉2017010311121044151139129 12 10 17 41             
0817120216괉2017010311110444149139121 14 10 25 54             
0817120301괉2017010311121034155147127  8  2 19 34             
0817120302낸2017010411230246146136124 19 14 21 5413 3         
0817120303괉2017010311210416142132129 24 16 18 5633 305       
0817120304낸2017010411110414142132127 24 19 22 6412 3A3       
0817120305낸2017010411230235154150122 11  0 23 3112 710       
0817120306괉2017010311211136152138121 13 13 24 5412 3A3       
0817120307낸2017010411211135159140128  6  9 17 28             
0817120308낸2017010411110414145132130 21 19 19 58             
0817120309낸2017010411210436146128126 19 18 19 5612 3         
0817120310괉2017010311110434145130128 18 19 18 5533 3A3       
0817120311낸2017010411210416149132132 17 19 15 4911 3         
0817120312낸2017010411210536146128139 19 19  6 3831 3         
0817120313낸2017010411110414142126130 24 25 19 6621 3         
0817120314깵2017010220110414136124129 29 27 21 7411 3A3       
0817120315괉2017010311210436154133121 11 18 24 5833 3         
0817120316낸2017010421210414143124122 23 24 25 5931 7OP       
0817120401낸2017010411110414149130128 17 21 21 6131 405       
0817120402괉2017010311120914147134119 17 16 29 67             
0817120403괉2017010311420936153130118 11 19 20 53             
0817120404낸2017010411710416149128117 15 21 25 64             
0817120405괉2017010321110414140126124 24 24 24 7211 605       
0817120406괉2017010311121014151133120 13 17 28 6433 416       
0817120407괉2017010311110414145126124 19 24 24 69             
0817120408낸2017010411120914157134126  9 17 23 5521 3A3       
0817120409괉2017010311130214143134127 21 16 21 58             
0817120410낸2017010411211036146137124 19 13 21 5311 3         
0817120411낸2017010411730216147128124 17 20 18 55             
0817120412낸2017010411210416152128123 14 23 24 64             
0817120413낸2017010411210816153137117 13 13 30 62             
0817120414낸2017010411210446147132132 18 19 13 4733 510       
0817120415괉2017010311110414143130126 21 20 22 64             
0817120416낸2017010411210414138127126 28 22 21 54             
0817120501괉2017010311110434147134130 16 15 16 47             
0817120502낸2017010411110414161139125  5 12 24 49             
0817120503깵2017010211230216157130131 11 22 17 53             
0817120504낸2017010411130234156142128  9  8 19 40             
0817120505낸2017010411130214146134131 20 17 18 5421 3A3       
0817120506괉2017010311230215161145125  5  6 22 3223 3A3       
0817120507괉2017010311110414137126131 27 24 17 6421 3A3       
0817120508괉2017010311211014148128128 18 22 19 46             
0817120509괉2017010311130214151136126 13 14 22 53             
0817120510괉2017010311110414148138130 16 12 18 4733 3         
0817120511괉2017010311221016150130121 16 22 26 6723 605       
0817120512낸2017010411210446154135118 11 15 27 5931 410       
0817120513낸2017010411110444158132124  7 18 23 5411 4A3       
0817120514낸2017010411220916147132122 19 19 25 6431 305       
0817120515괉2017010311230216147127127 19 21 20 6031 305       
0817120516낸2017010411130214150130128 16 21 21 60             
0817120601낸2017010411130234151138121 14 12 26 57             
0817120602낸2017010411130214147142129 19  9 20 48             
0817120603괉2017010311110414144133129 20 17 19 5631 3         
0817120604괉2017010311710436141126116 20 20 21 6133 410       
0817120605괉2017010311230214145132123 21 18 24 5113 3         
0817120606괉2017010311220935146136128 19 14 17 4233 405       
0817120607괉2017010311110434142133124 21 16 22 6032 605       
0817120608괉2017010311230246146142124 19  8 21 4811 3         
0817120609괉2017010311210436147134122 18 15 23 5811 3A3       
0817120610낸2017010411210436144126126 21 22 19 6031 3         
0817120611낸2017010411221036155142122 10  9 23 4711 3A3       
0817120612괉2017010311230214149132128 17 16 19 4033 3         
0817120613괉2017010311230235156144120  9  6 25 3931 3         
0817120614괉2017010311730235144132127 17 13 10 3433 705       
0817120615낸2017010411221036147124132 18 23 13 5133 710       
0817120616괉2017010311110434144134130 19 15 16 4931 3         
0817120701낸2017010411210436145128128 20 19 17 5411 4A3       
0817120702괉2017010311110434150130124 13 19 22 5831 3         
0817120703낸2017010411130214145138126 21 13 23 58             
0817120704낸2017010411130214164135128  2 16 21 47             
0817120705괉2017010311210415146130124 20 22 23 59             
0817120706낸2017010411120914157140125  9 11 24 50             
0817120707괉2017010311110414151132126 13 18 22 57             
0817120708괉2017010311110414155132124  9 18 24 5733 710       
0817120709괉2017010311110414148136125 16 14 23 56             
0817120710낸2017010411230234166142125  0  6 20 20             
0817120711괉2017010311111014159127127  5 23 21 5611 510       
0817120712낸2017010411230215150129136 16 21 11 38             
0817120713낸2017010411210436151140124 14  8 21 45             
0817120714낸2017010411110454135130130 30 20 17 6231 3A3       
0817120715괉2017010311230215149127125 17 23 22 5713 605       
0817120716낸2017010411110414141132124 25 19 25 6911 3         
0817120801뒞2017010511130214130123132 35 28 17 73             
0817120802괉2017010311130214147134129 17 16 19 5311 3A3       
0817120803낸2017010411110434146127126 19 23 21 64             
0817120804낸2017010421110414142128130 24 23 19 64             
0817120805괉2017010311130214139139131 25 11 17 50             
0817120806괉2017010311130214145140127 19 10 21 51             
0817120807낸2017010411230216144131122 22 20 25 6811 505       
0817120808낸2017010411110414137128125 29 23 24 74             
0817120809낸2017010411110414162139125  4 12 24 48             
0817120810낸2017010411210436150137128 15 13 17 45             
0817120811괉2017010321130214147140130 17 10 18 46             
0817120812낸2017010411120914145132124 21 19 25 67             
0817120813괉2017010311130234152130123 11 19 23 58             
0817120814낸2017010411110414145125129 21 26 20 67             
0817120815낸2017010411130244147130123 18 20 24 6411 3A3       
0817120816괉2017010310130214150136117 15 15 33 7122 3A3       
0817120901낸2017010411211116143125130 23 27 17 6433 305       
0817120902괉2017010311230236153134122 12 16 23 5523 305       
0817120903낸2017010411130214147132128 19 19 21 6011 3A3       
0817120904낸2017010411230616150133118 16 19 29 6933 416       
0817120905괉2017010311110434147134122 16 15 24 5811 3         
0817120906낸2017010411230246155138120 10 12 25 5311 3A3       
0817120907괉2017010311211136144127125 21 20 20 6113 3A3       
0817120908낸2017010411110414154132124 12 19 25 61             
0817120909낸2017010411230246145122128 20 28 17 6311 305       
0817121001낸2017010411110444149130121 16 20 26 66             
0817121002낸2017010411130214150134123 16 17 26 63             
0817121003낸2017010411130214150135129 16 16 20 54             
0817121004괉2017010311130214152134119 12 16 29 6412 505       
0817121005낸2017010411110414144128130 22 23 19 63             
0817121006낸2017010411110454152129123 13 21 24 6211 605       
0817121007낸2017010411130214156130127 10 21 22 58             
0817121008괉2017010310121014143130125 22 21 25 7023 3A3       
0817121009괉2017010311230216147132124 19 20 23 64             
0817121010낸2017010411110414150127137 16 24 12 50             
0817121011낸2017010411110414132126123 34 25 26 82             
0817121012낸2017010411711136159128115  4 19 25 56             
0817121013낸2017010411110414152128126 14 23 23 64             
0817121014괉2017010311110414151132122 13 18 26 62             
0817121015괉2017010311230234154142122 11  9 23 3433 616       
0817121016괉2017010311230214154142120 12 10 27 4213 416       
0817121101뒞2017010511130214175158139  0  0 10 14             
0817121102낸2017010411130234140126124 25 24 23 71             
0817121103괉2017010311030215145133119 18 14 27 60             
0817121104낸2017010411110434148124121 17 26 26 73             
0817121105괉2017010311110414141127121 23 23 27 75             
0817121106뒞2017010511130234152136121 12 14 26 58             
0817121107낸2017010411120934156131124  9 19 23 57             
0817121108괉2017010311110414151134126 13 16 22 55             
0817121109괉2017010310121034144134129 20 16 19 55             
0817121110낸2017010411211216156126119 10 24 28 68             
0817121111괉2017010310221015145125123 22 30 30 82             
0817121112낸2017010411221246145128114 20 22 31 77             
0817121113괉2017010311121014146130123 18 20 25 66             
0817121114낸2017010411110414145124127 21 27 22 70             
0817121115괉2017010311130214150136126 14 14 22 53             
0817121116괉2017010310230234147135127 19 19 24 57             
0817121201괉2017010311130214159134124  5 16 24 5311 5A3       
0817121202낸2017010411230236143128118 22 19 27 69             
0817121203낸2017010411130214153134131 13 17 18 50             
0817121204낸2017010411210446155130122 10 20 23 5721 7OP       
0817121205괉2017010311130244150131119 13 18 27 6412 3A3       
0817121206낸2017010411220916139130130 27 18 17 57             
0817121207낸2017010411230236149126132 16 21 13 48             
0817121208낸2017010411130214139141134 27 10 15 47             
0817121209괉2017010311220916145126122 21 24 25 7112 305       
0817121210낸2017010411230216156128123 10 21 24 60             
0817121211괉2017010311110414135126128 29 24 20 70             
0817121212낸2017010411210436150136125 15 14 20 5032 305       
0817121213낸2017010411130214148127128 18 24 21 64             
0817121214낸2017010411120914148138135 18 13 14 43             
0817121215낸2017010411130214165142127  1  9 22 40             
0817121216괉2017010311221046142127128 23 23 17 60             
