0617130101낸2017010410130234150146143 15  5  5 21             
0617130102괉2017010310721015142134131 23 17 19 5711 3         
0617130103괉2017010311010415156144115  6  3 30 45             
0617130104낸2017010420110414149134124 17 18 26 65             
0617130105낸2017010410130234144134125 21 17 23 62             
0617130106낸2017010410210414147132139 21 23 15 4923 3A3       
0617130107낸2017010410210414160132147  8 22  7 3031 3A3       
0617130108깵2017010210310414155139123  9 12 28 50             
0617130109낸2017010410130214151146127 15  6 23 47             
0617130110뒞2017010510130214155140132 11 12 19 44             
0617130111낸2017010410210415146125136 22 25 18 6032 3A3       
0617130112낸2017010410320935148136126 14 12 22 4732 405       
0617130113낸2017010410130214140126127 26 26 23 7423 3A3       
0617130114괉2017010310210415147135132 20 20 22 6023 3         
0617130115낸2017010410330214151131128 12 20 22 5123 610       
0617130116괉2017010310210416150136138 17 18 16 5011 3A3       
0617130201낸2017010420130244147134127 18 17 21 5723 3A3       
0617130202낸2017010420110414136132134 30 20 16 6032 3A3       
0617130203낸2017010410210416154142126 14 12 28 6021 3A3       
0617130204낸2017010420130214147132126 19 20 24 6533 305       
0617130205낸2017010410120914135130137 31 22 13 5931 3         
0617130206낸2017010420110414147126127 19 26 23 7011 3A3       
0617130207뒞2017010510730214151142155 13  9  0 17             
0617130208낸2017010410221035147131141 20 19 11 43221210       
0617130209뒞2017010510230215152126139 18 30 17 61             
0617130210괉2017010310230215148128138 19 25 16 5623 305       
0617130211낸2017010410121014146134124 20 18 26 6631 305       
0617130212낸2017010410330215140130129 23 19 21 5923 4A3       
0617130213낸2017010410220915148135140 20 18 14 4713 3A3       
0617130214낸2017010410120934149136127 16 15 21 54             
0617130215낸2017010410210415158123142 10 32 12 5222 305       
0617130216낸2017010410230214145140130 23 10 24 50             
0617130301낸2017010410230215161132143  7 19 11 3523 3A3       
0617130302괉2017010320110414145138128 20 13 22 5623 405       
0617130303낸2017010410310415136126129 27 24 21 6622 3A3       
0617130304낸2017010410321025142132127 21 20 23 6122 405       
0617130305낸2017010410210416146132131 22 21 23 6633 4OP       
0617130306낸2017010420120914146128128 20 24 22 67             
0617130307낸2017010410210445151130138 16 23 14 4923 3A3       
0617130308낸2017010410230234139132141 28 21 11 4611 3A3       
0617130309낸2017010420120914135130131 31 22 19 6711 3A3       
0617130310낸2017010410210415148126139 20 27 15 5631 3A3       
0617130311낸2017010410321015135132124 28 20 26 7021 3A3       
0617130312괉2017010310130214148142144 17  9  6 28             
0617130313낸2017010410230214160142136  8 14 18 37             
0617130314낸2017010410330215138140135 25  9 15 4113 3         
0617130315낸2017010410230214151136129 17 19 25 5721 3         
0617130401낸2017010411210456149137127 16 11 17 4531 505       
0617130402낸2017010410210425153140134 15 15 20 4911 3A3       
0617130403낸2017010410210434142132137 25 22 15 5123 410       
0617130404낸2017010410211034141133134 26 19 18 5322 405       
0617130405낸2017010410230214149124137 19 30 17 5823 3         
0617130406낸2017010410230214141128134 27 23 20 60             
0617130407낸2017010420130234152144127 13  7 21 44             
0617130408낸2017010410230215153138139 15 17 15 4411 3         
0617130409괉2017010310130214163140125  2 11 25 4823 3         
0617130410낸2017010410720915140123137 25 28 12 59             
0617130411낸2017010420130214155142133 11 10 17 40             
0617130412낸2017010411110414143133126 22 18 23 6431 405       
0617130413낸2017010410230215153124133 15 25 21 6121 3A3       
0617130414낸2017010410320915142129126 21 20 24 63             
0617130501낸2017010410110414165140131  1 12 19 3923 505       
0617130502낸2017010410210415147138131 21 16 23 5822 305       
0617130503낸2017010420110414147132129 19 20 21 6113 405       
0617130504괉2017010310220915143122131 24 27 23 7033 510       
0617130505낸2017010410210415150134140 18 19 14 4723 505       
0617130506괉2017010320110414152131129 13 20 21 58             
0617130507낸2017010410211015144128128 24 25 26 7311 3A3       
0617130508괉2017010310210415147128140 20 24 14 5333 3A3       
0617130509낸2017010410230215148136135 20 17 19 5223 6A3       
0617130510뒞2017010510130224158145131  8  7 20 39             
0617130511뒞2017010510230214144132142 26 22 14 50             
0617130512낸2017010410230214149126127 19 27 27 6923 7OP       
0617130513낸2017010410130214146132127 20 20 23 64             
0617130514깵2017010210120944149138132 15 12 16 4421 305       
0617130515낸2017010410221035150130130 17 22 22 6023 505       
0617130516낸2017010410110414148129129 18 23 21 63             
0617130601낸2017010410110414142124136 24 28 14 6232 3A3       
0617130602낸2017010410210435156134134 11 18 18 4723 3A3       
0617130603낸2017010420130234143132129 22 19 19 5911 610       
0617130604낸2017010410230235146132126 21 21 26 6723 305       
0617130605낸2017010410230234143133136 24 21 16 5123 505       
0617130606낸2017010410110414146132132 20 20 18 5733 3A3       
0617130607낸2017010410220915141133135 27 20 19 6033 3A3       
0617130608낸2017010410210445153137135 14 17 17 4612 3         
0617130609괉2017010310210435150131128 16 22 24 6221 405       
0617130610낸2017010410210415146121130 22 30 24 7432 505       
0617130611낸2017010410110434134129135 31 22 13 5912 3A3       
0617130612낸2017010410120914143134126 23 18 24 6513 3A3       
0617130613낸2017010410230234149122137 18 30 15 5523 3         
0617130614괉2017010310221036145128130 21 21 22 6423 5OP       
0617130615괉2017010310230214143130136 24 24 18 5633 405       
0617130701낸2017010410730215146134126 19 18 23 6123 3         
0617130702낸2017010410220915153125142 15 28 12 5033 3A3       
0617130703괉2017010310230214148142132 19 13 22 48             
0617130704낸2017010410210414145126138 23 25 16 54             
0617130705낸2017010410220915140128137 28 25 17 6333 3A3       
0617130706뒞2017010510221015155136127 15 20 29 6713 916       
0617130707낸2017010410220915148131129 20 24 25 6823 516       
0617130708낸2017010410211045144129141 23 22 11 4811 5OP       
0617130709낸2017010410211014145130130 23 24 24 64             
0617130710낸2017010410210415150128136 18 25 18 5723 405       
0617130711낸2017010410230214147135136 21 21 18 5123           
0617130712낸2017010410221014153128124 15 26 30 70             
0617130713낸2017010410230214145137137 23 18 17 48             
0617130714낸2017010420120914151138123 15 14 27 61             
0617130715낸2017010410120914150132127 16 20 23 6223 3         
0617130801괉2017010310210415144136152 23 19  2 3233 3A3       
0617130802낸2017010410210424141127133 27 25 21 6323 605       
0617130803괉2017010310720915138118130 27 32 20 7632 405       
0617130804낸2017010420130234145131130 20 20 18 5731 3A3       
0617130805낸2017010410321015146122134 17 30 16 5921 3A3       
0617130806괉2017010310120914137130125 28 21 25 73             
0617130807낸2017010410320915146133120 17 16 30 6512 3A3       
0617130808낸2017010410230216154123142 14 31 12 5611 505       
0617130809뒞2017010510130214149145128 17  7 23 48             
0617130810낸2017010410230215156134136 12 21 18 5023 605       
0617130811괉2017010310321016149129128 15 25 23 66             
0617130812낸2017010410230215142134135 26 17 19 5623 610       
0617130813깵2017010211010415144125129 20 22 18 5722 410       
0617130814낸2017010410220915146132129 22 22 25 67             
0617130815낸2017010410730215148140135 17 11 14 40             
0617130816낸2017010410210415144131137 24 25 17 60             
0617130901낸2017010410330235149142127 13  8 21 4213 510       
0617130902낸2017010411130244157142130  7  8 17 36             
0617130903낸2017010410230235136120137 31 32 15 6923 410       
0617130904괉2017010311210416139130124 27 21 23 6931 4A3       
0617130905낸2017010410210415155138128 13 15 26 56             
0617130906낸2017010410220915154140134 14 15 20 4823 7A3       
0617130907낸2017010410330235144132129 18 18 19 52             
0617130908낸2017010411210436154128120 11 21 24 6113 405       
0617130909낸2017010410221015154128135 14 26 19 5811 610       
0617130910뒞2017010510720915142125125 22 24 23 69             
0617130911낸2017010410221015138132130 30 22 24 7121 3A3       
0617130912낸2017010410230214142136132 26 18 22 5723 405       
0617130913낸2017010411110414141142121 24  9 28 63             
0617130914낸2017010410130214139131131 27 21 19 64             
0617130915낸2017010410210414149132136 19 21 18 5132 416       
0617130916낸2017010410210416152128137 16 26 17 5922 6OP       
0617131001낸2017010410130214151137122 15 15 28 63             
0617131002뒞2017010511130214155132120 10 19 29 66             
0617131003낸2017010411110414140124122 25 27 27 80             
0617131004낸2017010410230214139125132 29 30 22 71             
0617131005뒞2017010510230215155135133 15 21 23 5932 405       
0617131006낸2017010410220915146132129 22 24 25 69             
0617131007낸2017010410221014143126126 25 26 28 7311 510       
0617131008낸2017010410230214143131134 25 25 20 61             
0617131009낸2017010410330215136128137 27 24 13 55             
0617131010낸2017010410221014139128130 29 25 24 68             
0617131011낸2017010411110414145132124 20 19 25 66             
0617131012낸2017010410220915150131125 18 22 29 71             
0617131013낸2017010410230214150129138 18 27 16 53             
0617131014낸2017010411130214136126134 29 25 15 64             
0617131015낸2017010410230215148140130 20 15 24 57             
0617131016낸2017010410730215149135132 16 17 17 5133 4OP       
0617131101괉2017010310220915148132128 19 20 26 6523 305       
0617131102낸2017010410230215148130131 20 24 23 65             
0617131103낸2017010410130224142130127 24 22 23 69             
0617131104낸2017010410230235148140133 19 15 19 50             
0617131105낸2017010411130214143146126 22  5 23 5112 3A3       
0617131106낸2017010410230234137130137 30 24 15 5612 305       
0617131107낸2017010410230235146134126 21 20 26 6623 3         
0617131108낸2017010410210415148130135 20 25 19 6021 810       
0617131109낸2017010420130234146130125 19 21 23 6513 3A3       
0617131110낸2017010410110444142130121 23 21 27 7312 3A3       
0617131111괉2017010310130214149128123 16 23 27 71             
0617131112괉2017010310110414127122131 38 29 19 79             
0617131113낸2017010410210415152140131 16 16 23 5432 3A3       
0617131114괉2017010310220915152135132 15 20 22 5631 3         
0617131115낸2017010410230235148127124 19 23 28 7022 305       
0617131116낸2017010411130244160144128  4  6 19 35             
0617131201낸2017010411130214154138126 11 13 23 5223 3A3       
0617131202낸2017010410210445154129137 13 24 15 5031 616       
0617131203괉2017010310120914141135126 24 16 24 64             
0617131204낸2017010410221015144128130 24 28 24 73             
0617131205낸2017010410130214146132124 20 20 26 68             
0617131206낸2017010410221045147125137 20 27 15 5723 505       
0617131207낸2017010410230215144146124 24  9 30 6223 3A3       
0617131208괉2017010311020945139124118 22 20 25 6521 3A3       
0617131209낸2017010411110414148132124 17 19 25 64             
0617131210괉2017010310330215145144145 19 10  6 26             
0617131211낸2017010411030215155137121  9 12 26 5123 510       
0617131212괉2017010310121014146130128 19 21 22 6421 305       
0617131213괉2017010311230214136135127 30 15 20 48             
0617131214낸2017010410211036155135125 12 17 27 6211 405       
0617131215낸2017010410230215148140132 20 12 22 51             
0617131216괉2017010310211016144124138 23 28 16 64             
0817130101낸2017010411221015168144121  0  6 25 3433 305       
0817130102낸2017010411110414149132124 16 19 25 64             
0817130103낸2017010411130214154133138 11 18 11 40             
0817130104낸2017010411610415144124118 24 19 24 6831 3A3       
0817130105낸2017010411710415142124116 22 25 26 7131 3         
0817130106낸2017010411110414157144124  8  7 25 47             
0817130107괉2017010311230215161145125  5  7 22 3323 3A3       
0817130108낸2017010411120914150135131 15 16 18 50             
0817130109낸2017010411110414142127131 23 24 18 63             
0817130110낸2017010411210416144134132 22 18 14 51             
0817130111낸2017010411130234143140131 21 10 16 45             
0817130112낸2017010411110414145140126 20 11 23 55             
0817130113낸2017010411110414150138128 15 13 21 5221 3         
0817130114낸2017010411110414137134127 28 17 22 65             
0817130115뒞2017010511110414147139125 18 12 24 5711 3A3       
0817130116낸2017010411210416145134127 21 17 19 5733 305       
0817130201낸2017010411110414151130128 14 21 21 5932 3A3       
0817130202괉2017010311110414140133133 24 17 15 5331 3         
0817130203괉2017010311110434141134131 22 15 15 4911 3         
0817130204괉2017010311230234134132119 31 19 26 6113 505       
0817130205뒞2017010511121044147128128 17 22 19 5913 405       
0817130206낸2017010411210436145136133 20 12 11 40             
0817130207낸2017010411210416147128131 19 21 15 5431 3         
0817130208낸2017010411130214144125127 21 26 22 70             
0817130209괉2017010311110434155128127  8 21 19 5311 3A3       
0817130210낸2017010411130214167152130  0  0 19 27             
0817130211낸2017010411130214151136141 14 15  8 35             
0817130212낸2017010411110434134122132 30 28 15 6711 3A3       
0817130213낸2017010411110434148132131 16 18 16 5011 510       
0817130214낸2017010411210416146133122 20 16 24 62             
0817130215낸2017010411210436158130122  7 18 22 5311 416       
0817130216낸2017010411430236150131116 12 16 20 5212 3A3       
0817130301괉2017010311230216153138124 13 14 23 5321 3         
0817130302낸2017010411120914165144127  0  7 22 38             
0817130303낸2017010411121014152137133 13 14 16 44             
0817130304낸2017010411130214158134122  7 17 27 5911 3         
0817130305낸2017010411120914151134129 14 17 20 5422 3A3       
0817130306낸2017010411110414150130129 15 21 20 5831 305       
0817130307괉2017010311130214153134130 11 16 18 48             
0817130308낸2017010411110414156130130  9 21 19 5321 3A3       
0817130309뒞2017010511110414138133127 27 18 22 6533 405       
0817130310뒞2017010511110414150132121 15 19 28 67             
0817130311낸2017010411210416157130131  9 19 15 4631 3A3       
0817130312낸2017010411130214146133128 19 18 21 59             
0817130313낸2017010411110414153135126 12 16 23 56             
0817130314낸2017010411110414132122132 33 29 17 7331 3         
0817130315뒞2017010511210446150138122 16 11 23 5321 4A3       
0817130316낸2017010411110414153140125 12 11 24 52             
0817130401뒞2017010511130234135124128 29 26 19 70             
0817130402낸2017010411130214202134126  0 17 23 49             
0817130403낸2017010411110434158132133  6 18 14 4131 3A3       
0817130404낸2017010411230236156135122  9 16 22 53             
0817130405낸2017010411230236149128125 16 21 19 58             
0817130406괉2017010311130214150140127 14 10 21 48             
0817130407낸2017010410720934140134130 24 17 17 55             
0817130408낸2017010411130214134136133 31 15 16 56             
0817130409낸2017010410720935144134137 20 16 10 42             
0817130410낸2017010411221036151128128 14 20 16 51             
0817130411낸2017010410730235147136132 17 14 15 45             
0817130412낸2017010410730236143130134 21 21 13 51             
0817130501괉2017010311120914134135132 30 15 16 56             
0817130502낸2017010411211146139128131 26 23 13 5731 405       
0817130503낸2017010411121014139133126 26 18 23 6611 405       
0817130504낸2017010411221014145137121 21 15 25 5023 510       
0817130505뒞2017010511110414148132128 17 19 21 5911 405       
0817130506낸2017010411211146155136122 10 13 22 5133 305       
0817130507낸2017010411110414153130131 12 21 18 5423 3A3       
0817130508괉2017010311220916154139121 12 13 26 5731 3         
0817130509낸2017010421110414145135128 20 16 21 5831 3A3       
0817130510佳017010611110414182151122  0  1 29 41             
0817130511낸2017010411121034147139125 17 11 22 52             
0817130512낸2017010411110414149137125 16 14 24 57             
0817130513낸2017010411221014133131122 33 20 24 6121 3A3       
0817130514낸2017010411230635156140117  9  6 27 4312 3A3       
0817130515낸2017010411130244156138124  8 12 23 49             
0817130516낸2017010411210416147129128 19 22 18 5931 505       
0817130601낸2017010411210416145126135 21 26 11 5421 3A3       
0817130602낸2017010411110444142125122 22 25 25 73             
0817130603뒞2017010511130214144132124 21 19 25 6713 405       
0817130604괉2017010310210415149132147 18 22  7 3933 3A3       
0817130605괉2017010311230246151132122 14 17 23 5723 305       
0817130606낸2017010411110414146133127 19 18 22 60             
0817130607낸2017010411130214158140131  7 11 18 41             
0817130608괉2017010310230245141134132 25 18 20 5823 4OP       
0817130609낸2017010410230234147136143 20 18  9 3512 3A3       
0817130610낸2017010411110414152128130 13 23 19 58             
0817130611괉2017010310230245148134128 18 16 24 5822 3OP       
0817130612낸2017010411110434150130127 14 20 20 5711 3A3       
0817130613낸2017010410320936145128122 17 21 26 6723 3         
0817130614낸2017010410730215144133131 21 19 18 57             
0817130615낸2017010411130214153144134 12  7 15 35             
0817130616낸2017010411130244139136128 25 14 19 56             
0817130701뒞2017010511730216144131125 19 17 16 52             
0817130702뒞2017010511210415149136126 18 17 21 5031 405       
0817130703낸2017010411210416145133121 21 17 25 65             
0817130704뒞2017010511130244145136126 19 14 21 5533 305       
0817130705뒞2017010511121014152144134 13  7 15 36             
0817130706뒞2017010511130214149129125 16 22 24 65             
0817130707낸2017010411210436159126123  6 21 21 5413 305       
0817130708낸2017010411230245146130125 19 19 19 5131 505       
0817130709낸2017010411230234134125121 31 24 23 62             
0817130710낸2017010411130214148135135 17 16 14 46             
0817130711뒞2017010511110414147132135 18 19 14 5031 3A3       
0817130712낸2017010411110414164140128  1 11 21 41             
0817130713낸2017010411211145143128123 22 21 21 5713 405       
0817130714낸2017010411121034156142125  8  8 22 4412 3A3       
0817130715낸2017010411110434132130127 32 20 20 6732 3A3       
0817130716낸2017010411230216148122121 18 28 25 74             
0817130801낸2017010411130214165150133  0  1 16 24             
0817130802낸2017010411121014145140123 20 11 26 60             
0817130803낸2017010411730216155136118  9 12 24 50             
0817130804낸20170104112302 6154130120 11 19 24 6031 410       
0817130805낸2017010411230225150146129 16  6 17 33             
0817130806낸2017010411110434152129127 12 21 20 5631 616       
0817130807낸2017010411130214154142127 11  9 22 47             
0817130808낸2017010411220936143128123 22 21 21 6411 410       
0817130809낸2017010411110414146129131 19 22 18 59             
0817130810뒞2017010511730816146125115 17 24 26 71             
0817130811낸2017010411130234144139135 20 11 12 40             
0817130812낸2017010411110414156132123  9 19 26 61             
0817130813낸2017010411110434144128129 20 22 18 5931 510       
0817130814낸2017010411721015146127115 18 23 27 67             
0817130815뒞2017010511130214138132129 27 19 20 6311 3A3       
0817130816낸2017010411110414144135126 21 16 23 61             
0817130901낸2017010411230215155142122 11  8 24 41             
0817130902낸2017010411110414141132125 24 19 24 6731 305       
0817130903깵2017010210221015148134132 19 18 21 56             
0817130904낸2017010411110414146130134 19 21 15 5431 3         
0817130905낸2017010411110414142127136 23 24 13 56             
0817130906뒞2017010511130214152141127 13 10 22 49             
0817130907낸2017010411110414151132132 14 19 17 5121 3A3       
0817130908낸2017010411230216146138130 20 13 16 48             
0817130909낸2017010411110414152131126 13 20 23 60             
0817130910뒞2017010511730215146127119 17 22 22 61             
0817130911낸2017010411110414131124132 34 27 17 71             
0817130912낸2017010411210436145132129 20 17 15 5013 516       
0817131001낸2017010411220916156132126 10 18 20 52             
0817131002낸2017010411130244146130128 18 20 19 58             
0817131003낸2017010411130214154142129 11  9 20 44             
0817131004낸2017010411210416158130122  8 20 24 5831 3         
0817131005낸2017010411130234154130125 10 20 22 57             
0817131006낸2017010411110414137128127 28 23 22 71             
0817131007낸2017010411121014152140130 13 11 19 46             
0817131008뒞2017010511211116148128130 19 25 17 6011 405       
0817131009낸2017010411221016154132126 12 20 20 56             
0817131010낸2017010411110414144128125 21 23 24 69             
0817131101낸2017010411110434149130132 15 20 15 50             
0817131102낸2017010411230236144131123 21 18 21 6111 3A3       
0817131103뒞2017010511130214157128123  8 23 26 64             
0817131104낸2017010411130214147132129 18 19 20 58             
0817131105낸2017010411230214149136122 17 14 24 46             
0817131106낸2017010411110414152132124 13 19 25 6211 3A3       
0817131107낸2017010411221014146129122 20 21 24 5422 3A3       
0817131108낸2017010411210416143130120 23 20 26 71             
0817131109낸2017010411130214135130131 30 21 18 64             
0817131110낸2017010411230236152133120 13 16 24 5712 3         
0817131111낸2017010411110414145129125 20 22 24 68             
0817131112낸2017010411121014147121132 18 30 17 65             
0817131113낸2017010410230214147132129 21 21 25 62             
0817131114낸2017010411230636146128116 19 21 28 7212 305       
0817131115낸2017010410221016150137133 18 16 21 5623 4OP       
0817131201낸2017010411210446136126131 29 24 13 6031 3A3       
0817131202낸2017010411230236151135128 14 14 16 46             
0817131203낸2017010410120914149132125 17 20 25 65             
0817131204낸2017010411210426144128124 22 23 22 68             
0817131205낸2017010411130214152130129 13 21 20 57             
0817131206낸2017010411110414146129129 19 22 20 6211 505       
0817131207낸2017010410230225145134135 23 22 19 5912 6OP       
0817131208낸2017010411230236157140116  8 10 28 5513 405       
0817131209낸2017010411210436144130126 21 20 18 5832 405       
0817131210낸2017010411210416142129120 24 21 26 72             
0817131211뒞2017010511130234165140133  0 10 14 30             
