0617110101   120000      000      001    19003    12011    11000      000      012   157000      000      00103    19500000       00000       00103     5000111     3300311     1600000       00000       00000       00000       00103    50900000       00000       00000       00000       00000       0010311     840000000       0000000       0010311   11890 000000       0 000000       0 000000       0 000000       0 000000       0            
0617110214   171000      000      014    42016    31003    73000      000      078   207000      000      01416    82900000       00000       01416    19600314    44500316    23400000       00000       00000       00000       01416   178900000       00000       00000       00000       00000       0031416   62110000000       0000000       0141603  378230 000000       0 000000       0 000000       0 000000       0 000000       0            
0617110304   104000      000      004    35009    59001    27000      000      025   167000      000      00409   149200000       00000       00409    35600104    12900109    28500000       00000       00000       00000       00409   291100000       00000       00000       00000       00000       0010409   32040000000       0000000       0040901  208580 000000       0 000000       0 000000       0 000000       0 000000       0            
0617110404   373000      000      004    88015    15013    22000      000      028   427000      000      00415    97500000       00000       00415    31100413    47601315     4600000       00000       00000       00000       00415   294300000       00000       00000       00000       00000       0041315   18800000000       0000000       0041513  181610 000000       0 000000       0 000000       0 000000       0 000000       0            
0617110515   206000      000      015    34001    11010    59000      000      018    74000      000      00115    12000000       00000       00115     5801015    36900110    12100000       00000       00000       00000       01501    52500000       00000       00000       00000       00000       0011015    8880000000       0000000       0150110   78760 000000       0 000000       0 000000       0 000000       0 000000       0            
0617110605   106000      000      005    41009    31008    31000      000      035   428000      000      00509    67100000       00000       00509    19900508    17100809    20900000       00000       00000       00000       00509   123100000       00000       00000       00000       00000       0050809   19970000000       0000000       0050908  112650 000000       0 000000       0 000000       0 000000       0 000000       0            
0617110709   102000      000      009    25013    14008   100000      000      057   102000      000      00913    13100000       00000       00913     5200809    64500813    26400000       00000       00000       00000       00913    33800000       00000       00000       00000       00000       0080913   24890000000       0000000       0091308  146430 000000       0 000000       0 000000       0 000000       0 000000       0            
0617110808    34000      000      008    16002    21012    50000      000      014    65000      000      00208    13600000       00000       00208     5400812    18700212    16900000       00000       00000       00000       00802    22100000       00000       00000       00000       00000       0020812    8430000000       0000000       0080212   30280 000000       0 000000       0 000000       0 000000       0 000000       0            
0617110902    62000      000      002    20012    15009    28000      000      016    65000      000      00212    10500000       00000       00212     4500209    11000912     6300000       00000       00000       00000       00212    24500000       00000       00000       00000       00000       0020912    3290000000       0000000       0021209   18290 000000       0 000000       0 000000       0 000000       0 000000       0            
0617111004    37000      000      004    15008    37005    24000      000      046   149000      000      00408    23900000       00000       00408     9100405     5100508    21300000       00000       00000       00000       00408    42300000       00000       00000       00000       00000       0040508    6140000000       0000000       0040805   31120 000000       0 000000       0 000000       0 000000       0 000000       0            
0617111103    28000      000      003    12002    26001    22000      000      023   193000      000      00203    17600000       00000       00203     5500103     3700102    10300000       00000       00000       00000       00302    26900000       00000       00000       00000       00000       0010203    2360000000       0000000       0030201   10430 000000       0 000000       0 000000       0 000000       0 000000       0            
0617111210    77000      000      010    23013    18001    25000      000      057   130000      000      01013    17700000       00000       01013     5500110     9300113     9600000       00000       00000       00000       01013    37200000       00000       00000       00000       00000       0011013    4670000000       0000000       0101301   24760 000000       0 000000       0 000000       0 000000       0 000000       0            
0817110104   557000      000      004    87006    20011    11000      000      023  1510000      000      00406   199100000       00000       00406    37100411    21000611     3100000       00000       00000       00000       00406   624400000       00000       00000       00000       00000       0040611   14080000000       0000000       0040611  189310 000000       0 000000       0 000000       0 000000       0 000000       0            
0817110211    60000      000      011    18010    28004    13000      000      056   310000      000      01011    30800000       00000       01011     9600411     3900410     7100000       00000       00000       00000       01110    52200000       00000       00000       00000       00000       0041011    2810000000       0000000       0111004   19400 000000       0 000000       0 000000       0 000000       0 000000       0            
0817110309    35000      000      009    13007    14011    16000      000      056   112000      000      00709    11500000       00000       00709     3300911     2900711     5100000       00000       00000       00000       00907    21000000       00000       00000       00000       00000       0070911    1400000000       0000000       0090711    7640 000000       0 000000       0 000000       0 000000       0 000000       0            
0817110413    18000      000      013    11012    20006    32000      000      077    78000      000      01213     7700000       00000       01213     3600613     6100612    24100000       00000       00000       00000       01312    10200000       00000       00000       00000       00000       0061213    4630000000       0000000       0131206   10540 000000       0 000000       0 000000       0 000000       0 000000       0            
0817110504    36000      000      004    14009    17012    11000      000      025    75000      000      00409    11800000       00000       00409     4100412     2100912     3000000       00000       00000       00000       00409    20100000       00000       00000       00000       00000       0040912     820000000       0000000       0040912    5340 000000       0 000000       0 000000       0 000000       0 000000       0            
0817110602    50000      000      002    13009    11006    11000      000      028   109000      000      00209     9300000       00000       00209     2800206     1900609     1500000       00000       00000       00000       00209    21700000       00000       00000       00000       00000       0020609     380000000       0000000       0020906    4220 000000       0 000000       0 000000       0 000000       0 000000       0            
0817110711    64000      000      011    22005    34014    22000      000      036   152000      000      00511    37000000       00000       00511    11501114     7100514    13400000       00000       00000       00000       01105    64800000       00000       00000       00000       00000       0051114    6950000000       0000000       0110514   48220 000000       0 000000       0 000000       0 000000       0 000000       0            
0817110804   261000      000      004    44008    13005    14000      000      035    80000      000      00408    37200000       00000       00408    10200405    12400508     2100000       00000       00000       00000       00408    89500000       00000       00000       00000       00000       0040508    3370000000       0000000       0040805   34340 000000       0 000000       0 000000       0 000000       0 000000       0            
0817110905    16000      000      005    11010    14014    28000      000      036    52000      000      00510     5200000       00000       00510     2600514     6001014     9700000       00000       00000       00000       00510     6000000       00000       00000       00000       00000       0051014    1870000000       0000000       0051014    4360 000000       0 000000       0 000000       0 000000       0 000000       0            
0817111010    51000      000      010    18007    39003    22000      000      067   147000      000      00710    50600000       00000       00710    12300310     7000307    19100000       00000       00000       00000       01007    91600000       00000       00000       00000       00000       0030710    9600000000       0000000       0100703   59290 000000       0 000000       0 000000       0 000000       0 000000       0            
0817111106    18000      000      006    11001    25005    20000      000      013    83000      000      00106    11200000       00000       00106     4500506     4000105    13600000       00000       00000       00000       00601    13900000       00000       00000       00000       00000       0010506    3260000000       0000000       0060105   11040 000000       0 000000       0 000000       0 000000       0 000000       0            
0817111212    71000      000      012    20004    14016    22000      000      026    79000      000      00412    11600000       00000       00412     4601216     8000416     4800000       00000       00000       00000       01204    29400000       00000       00000       00000       00000       0041216    2530000000       0000000       0120416   15080 000000       0 000000       0 000000       0 000000       0 000000       0            
