0617120112    34000      000      012    13013    26003    19000      000      067    61000      000      01213    20000000       00000       01213     7400312     4700313     7200000       00000       00000       00000       01213    35500000       00000       00000       00000       00000       0031213    3300000000       0000000       0121303   17360 000000       0 000000       0 000000       0 000000       0 000000       0            
0617120216    52000      000      016    62003    41010   106000      000      028   142000      000      00316    16000000       00000       00316     4401016     8800310     9800000       00000       00000       00000       01603    28600000       00000       00000       00000       00000       0031016    5510000000       0000000       0160310   24310 000000       0 000000       0 000000       0 000000       0 000000       0            
0617120315    32000      000      015    13011    16002    22000      000      068    71000      000      01115     8000000       00000       01115     3600215     6000211     6700000       00000       00000       00000       01511    16300000       00000       00000       00000       00000       0021115    1700000000       0000000       0151102    6120 000000       0 000000       0 000000       0 000000       0 000000       0            
0617120413   270000      000      013    58015    68014    17000      000      078   316000      000      01315   173100000       00000       01315    53701314    17901415    16700000       00000       00000       00000       01315   313300000       00000       00000       00000       00000       0131415   23710000000       0000000       0131514  189080 000000       0 000000       0 000000       0 000000       0 000000       0            
0617120504   184000      000      004    50003    32005    21000      000      022  1116000      000      00304    90800000       00000       00304    24800405    18800305    16300000       00000       00000       00000       00403   209800000       00000       00000       00000       00000       0030405   19170000000       0000000       0040305  124130 000000       0 000000       0 000000       0 000000       0 000000       0            
0617120604    58000      000      004    23009    31010    33000      000      047   179000      000      00409    36900000       00000       00409    13100410    11300910    18900000       00000       00000       00000       00409    73500000       00000       00000       00000       00000       0040910   12640000000       0000000       0040910   58280 000000       0 000000       0 000000       0 000000       0 000000       0            
0617120708    85000      000      008    22004    15011    35000      000      024   104000      000      00408    13800000       00000       00408     5100811    12400411     7900000       00000       00000       00000       00804    31800000       00000       00000       00000       00000       0040811    4980000000       0000000       0080411   27390 000000       0 000000       0 000000       0 000000       0 000000       0            
0617120812    61000      000      012    21007    20003    53000      000      068    53000      000      00712    17100000       00000       00712     6700312    24100307    17100000       00000       00000       00000       01207    35100000       00000       00000       00000       00000       0030712   13870000000       0000000       0120703   63600 000000       0 000000       0 000000       0 000000       0 000000       0            
0617120905    20000      000      005    11007    16004    15000      000      057    71000      000      00507     7400000       00000       00507     2900405     2600407     6000000       00000       00000       00000       00507    10800000       00000       00000       00000       00000       0040507    1300000000       0000000       0050704    4620 000000       0 000000       0 000000       0 000000       0 000000       0            
0617121003    34000      000      003    13005    22007    11000      000      035   191000      000      00305    20600000       00000       00305     6200307     2100507     3900000       00000       00000       00000       00305    29600000       00000       00000       00000       00000       0030507    1100000000       0000000       0030507    7440 000000       0 000000       0 000000       0 000000       0 000000       0            
0617121104   109000      000      004    35005    17001    35000      000      034   176000      000      00405    24400000       00000       00405     8700104    24800105     9000000       00000       00000       00000       00405    52200000       00000       00000       00000       00000       0010405    9710000000       0000000       0040501   50160 000000       0 000000       0 000000       0 000000       0 000000       0            
0617121204    46000      000      004    20010    27015    39000      000      025   197000      000      00410    17500000       00000       00410     6900415    16101015    15500000       00000       00000       00000       00410    32200000       00000       00000       00000       00000       0041015    8190000000       0000000       0041015   34240 000000       0 000000       0 000000       0 000000       0 000000       0            
0817120109    20000      000      009    11016    14006    32000      000      058    28000      000      00916     4400000       00000       00916     2000609     5300616    14300000       00000       00000       00000       00916     7400000       00000       00000       00000       00000       0060916    2740000000       0000000       0091606    7560 000000       0 000000       0 000000       0 000000       0 000000       0            
0817120216    38000      000      016    13003    15001    15000      000      028    62000      000      00316     8700000       00000       00316     3400116     3200103     3400000       00000       00000       00000       01603    18000000       00000       00000       00000       00000       0010316    1210000000       0000000       0160301    6080 000000       0 000000       0 000000       0 000000       0 000000       0            
0817120304   105000      000      004    27006    13010    25000      000      023    96000      000      00406    16600000       00000       00406     6700410    15500610     5900000       00000       00000       00000       00406    41100000       00000       00000       00000       00000       0040610    4500000000       0000000       0040610   34960 000000       0 000000       0 000000       0 000000       0 000000       0            
0817120403   331000      000      003    67002    18016   177000      000      012   161000      000      00203    68300000       00000       00203    23500316   191300216    72700000       00000       00000       00000       00302   212500000       00000       00000       00000       00000       0020316  184740000000       0000000       0030216 1314190 000000       0 000000       0 000000       0 000000       0 000000       0            
0817120508    16000      000      008    11014    15005    32000      000      047    40000      000      00814     3900000       00000       00814     2100508     5900514    12400000       00000       00000       00000       00814     5100000       00000       00000       00000       00000       0050814    2610000000       0000000       0081405    7390 000000       0 000000       0 000000       0 000000       0 000000       0            
0817120607    23000      000      007    14005    44004    38000      000      034   115000      000      00507    31800000       00000       00507     9100407     9200405    32000000       00000       00000       00000       00705    39000000       00000       00000       00000       00000       0040507   12370000000       0000000       0070504   45220 000000       0 000000       0 000000       0 000000       0 000000       0            
0817120701    14000      000      001    11010    21005    35000      000      015    21000      000      00110     7800000       00000       00110     3700105     6300510    15800000       00000       00000       00000       00110     9400000       00000       00000       00000       00000       0010510    3700000000       0000000       0011005    7780 000000       0 000000       0 000000       0 000000       0 000000       0            
0817120815    35000      000      015    16009    17007    56000      000      058    46000      000      00915     8500000       00000       00915     4100715    14300709    20300000       00000       00000       00000       01509    16300000       00000       00000       00000       00000       0070915    9060000000       0000000       0150907   34540 000000       0 000000       0 000000       0 000000       0 000000       0            
0817120905   330000      000      005    41004    11009    15000      000      045   236000      000      00405    21400000       00000       00405     6600509    15500409     1900000       00000       00000       00000       00504    78900000       00000       00000       00000       00000       0040509    3010000000       0000000       0050409   41520 000000       0 000000       0 000000       0 000000       0 000000       0            
0817121014    63000      000      014    18015    17006    28000      000      078    89000      000      01415    12500000       00000       01415     4100614     8200615     8800000       00000       00000       00000       01415    26700000       00000       00000       00000       00000       0061415    3900000000       0000000       0141506   19490 000000       0 000000       0 000000       0 000000       0 000000       0            
0817121111   101000      000      011    33012    17006    77000      000      066   212000      000      01112    19000000       00000       01112     7600611    50500612    18500000       00000       00000       00000       01112    42400000       00000       00000       00000       00000       0061112   15750000000       0000000       0111206   85350 000000       0 000000       0 000000       0 000000       0 000000       0            
0817121205   237000      000      005    73001   170009    29000      000      013   704000      000      00105   634000000       00000       00105   144000509    34600109    90100000       00000       00000       00000       00501   766300000       00000       00000       00000       00000       0010509  179500000000       0000000       0050109 1254100 000000       0 000000       0 000000       0 000000       0 000000       0            
