061713010114104484ラブパレード　　　　　　　　　　　　 22.5  4.5  6.0  7.6  4.6 10  0.0                           
061713010214101796ツクバネ　　　　　　　　　　　　　　163.3 27.9-10.4-16.4 -9.1 -4  0.0  0                        
061713010314104824トミケンアディム　　　　　　　　　　 29.8  5.8-10.0  8.9  0.3  5  0.0                           
061713010414104404フォルテメンテ　　　　　　　　　　　 12.5  2.8  6.0  7.9  4.7 10 10.9A                          
061713010514100264アントレーン　　　　　　　　　　　　  6.8  2.0 10.0 20.6 10.6 16  0.0  5                        
061713010614102960ペイシャモンタナ　　　　　　　　　　 28.3  5.5 -7.1-10.4 -5.9 -1  0.0                           
061713010714100744ガクルックス　　　　　　　　　　　　 70.5 12.4 -9.1-10.6 -6.6 -2  0.0                           
061713010814101819ペイシャエロイース　　　　　　　　　 96.7 16.8-11.3 -7.6 -6.2 -1  0.0                           
061713010914104436ヨッテケ　　　　　　　　　　　　　　  9.2  2.4-10.0 15.5  2.7  8  7.2                           
061713011014100013マイネルペイズリー　　　　　　　　　117.6 20.2-10.0-14.0 -8.1 -3  0.0                           
061713011114100349ネコビッチ　　　　　　　　　　　　　  3.7  1.5 14.9 19.8 11.7 17 19.8A1                         
061713011214109004ネイチャーセブン　　　　　　　　　　 35.9  6.8-11.3-11.4 -7.6 -3  0.0                           
061713011314101462スズカゴーディー　　　　　　　　　　  2.8  1.3 12.0 18.6 10.4 15 18.1  4                        
061713011414101460レイバック　　　　　　　　　　　　　 51.2  9.4 -6.9-10.2 -5.8 -1  0.0                           
061713011514103563ミッキースプリング　　　　　　　　　  5.7  1.8 13.3 13.5  8.9 14  6.3                           
061713011614101014リネンスカッシュ　　　　　　　　　　 40.0  7.5 -1.5 -7.0 -3.0  2  0.0                           
061713020114104723エスポワールママン　　　　　　　　　 33.6  6.5-10.0  7.6 -0.2  5  0.0  5                        
061713020214101701プレベール　　　　　　　　　　　　　135.2 23.5-10.0-15.1 -8.5 -4  0.0                           
061713020314105534プリエンプト　　　　　　　　　　　　  5.0  1.7 10.2 10.2  6.8 12 15.1  0                        
061713020414103346トーホウウノ　　　　　　　　　　　　 24.8  5.0-10.0 -9.3 -6.4 -1 12.3  0                        
061713020514105858オノリシャス　　　　　　　　　　　　  6.8  2.0 10.0  2.7  4.0  9  0.0                           
061713020614109122マヴィア　　　　　　　　　　　　　　  4.8  1.6 12.0 22.9 12.0 17  5.8                           
061713020714100719マースチェル　　　　　　　　　　　　 25.2  5.0 10.4-12.2 -1.4  4  0.0                           
061713020814103758ラバブル　　　　　　　　　　　　　　186.6 32.2 -6.9-11.2 -6.2 -1  0.0                           
061713020914103694ルーナデラセーラー　　　　　　　　　 14.8  3.3  5.5 11.4  5.8 11  0.0  5                        
061713021014103600ジュブリーユ　　　　　　　　　　　　  2.5  1.3 17.6 24.3 14.2 19 18.1  4                        
061713021114104294ジェニエニドッツ　　　　　　　　　　 84.7 15.0-10.0 -2.0 -3.7  1  0.0                           
061713021214102318ニシノオマージュ　　　　　　　　　　 31.7  6.2 -1.5-11.4 -4.6  0  0.0                           
061713021314104539ハンドレッドアーツ　　　　　　　　　 24.4  4.9  6.6 -0.6  1.8  7  0.0  5                        
061713021414100599パティキュラー　　　　　　　　　　　 71.4 12.7-10.0-11.3 -7.1 -2  0.0                           
061713021514102611キミノタイヨウ　　　　　　　　　　　 31.5  6.1 -9.0 -6.8 -5.2  0  0.0                           
061713021614105050ピリナ　　　　　　　　　　　　　　　 13.8  3.1  4.9 11.7  5.8 11 14.5                           
061713030114104576バードウィーク　　　　　　　　　　　 58.4 11.6-11.4 -7.9 -6.3 -1  0.0                           
061713030214100810マイネルヴィレ　　　　　　　　　　　 86.9 17.0-10.0 -1.9 -3.7  1  0.0                           
061713030314102546テレグライド　　　　　　　　　　　　 49.1 10.1-10.0-12.2 -7.5 -2  0.0                           
061713030414100825ショットザバニティ　　　　　　　　　 16.0  3.8 -1.4  7.0  2.1  7  0.0                           
061713030514102202プロムナード　　　　　　　　　　　　  9.3  2.7 10.0  7.4  5.7 11  7.7                           
061713030614100933ダウンザライン　　　　　　　　　　　 19.0  4.4  6.0  1.2  2.2  7  0.0                           
061713030714105653ロジキセキ　　　　　　　　　　　　　  7.3  2.3  2.4 -1.0  0.4  5  0.0                           
061713030814102177アカイバラ　　　　　　　　　　　　　 86.5 16.9-11.4-14.6 -8.8 -4  0.0  0                        
061713030914102187ヒトノワドリーム　　　　　　　　　　 18.1  4.2-10.0-15.1 -8.5 -4  0.0                           
061713031014101372ゲンパチマサムネ　　　　　　　　　　  7.4  2.3  9.5  9.1  6.2 11 17.5                           
061713031114102784コトブキファルコン　　　　　　　　　  4.4  1.7 17.3 11.0  9.2 14 14.0                           
061713031214101344ショウナンハドル　　　　　　　　　　  5.3  1.8 12.0 10.9  7.6 13  6.2                           
061713031314105340ウルラーレ　　　　　　　　　　　　　  3.3  1.5 17.6 24.3 14.2 19 18.1                           
061713031414100703コスモマツカゼ　　　　　　　　　　　 42.5  8.9-11.3 -6.3 -5.7 -1  0.0                           
061713031514102323ニシノリヒト　　　　　　　　　　　　 49.9 10.3-11.4 -2.7 -4.4  1  0.0                           
061713040114103508ビーソニック　　　　　　　　　　　　 33.7  7.0 -2.9 -0.8 -1.2 -1  0.0                           
061713040214105035パーフェクトプラン　　　　　　　　　 18.3  4.2 -5.8-10.2 -5.5 -5  0.0                           
061713040314104258ジェルミナシオン　　　　　　　　　　 50.3 10.1-11.4 -3.3 -4.6 -5  0.0                           
061713040414106476カリストーガ　　　　　　　　　　　　 40.2  8.2 -9.1 -4.5 -4.4 -4  0.0                           
061713040514104782ミラクルローカス　　　　　　　　　　  8.4  2.4  9.6  7.0  5.4  5 17.5                           
061713040614105530アレジャポン　　　　　　　　　　　　 14.4  3.4  3.8 -1.2  0.7  1  7.7                           
061713040714106351キャプテンハウテン　　　　　　　　　 16.3  3.8-10.0-14.6 -8.4 -8  8.6                           
061713040814102111ストロングボー　　　　　　　　　　　  7.6  2.3 10.0 10.6  6.9  7  6.8A 1  237   42              
061713040914103731カシノスイープ　　　　　　　　　　　  6.9  2.1 20.0 27.9 16.2 16  6.2                           
061713041014104750タイセイストリーク　　　　　　　　　 17.8  4.1 10.4  7.1  5.7  6 13.0                           
061713041114104397ドゥマイモンシェリ　　　　　　　　　 39.0  8.0-10.0-13.2 -7.8 -8  0.0                           
061713041214104272ジュントップゴール　　　　　　　　　  4.5  1.7 16.6 17.4 11.4 11  8.2  1  205   85              
061713041314103274ヴォルタ　　　　　　　　　　　　　　  3.0  1.5 19.3 15.6 11.5 12  5.3                           
061713041414103689タニセンジュピター　　　　　　　　　 15.2  3.6 -6.4-10.6 -5.8 -6  0.0                           
061713050114104342スカイヴォヤージュ　　　　　　　　　105.1 16.7-10.0-11.7 -7.3 -2  0.0                           
061713050214102196サーストンバッカ　　　　　　　　　　 24.0  4.4 -1.1  1.1  0.1  5  0.0                           
061713050314110004マイネルパロサント　　　　　　　　　 61.4 10.0-10.0-12.7 -7.7 -3  0.0  0                        
061713050414109007クリノヴィクトリア　　　　　　　　　 61.8 10.1-11.4-11.7 -7.7 -3  0.0                           
061713050514100237エレクトリイオネ　　　　　　　　　　 11.6  2.5  9.1 24.0 11.5 17  0.0  2                        
061713050614102232ディアラビーニア　　　　　　　　　　 66.9 10.9-10.0 -1.9 -3.7  1  0.0                           
061713050714105448スターライトブルー　　　　　　　　　  2.1  1.2 20.7 18.0 12.8 18 18.1                           
061713050814102619シンデン　　　　　　　　　　　　　　  4.7  1.6 14.8 24.2 13.3 18 14.0  2                        
061713050914105102サンデームーティエ　　　　　　　　　 16.8  3.3 -0.2 14.6  5.3 10  0.0  3                        
061713051014103627メイスンブルーム　　　　　　　　　　 15.1  3.1  6.0 12.7  6.5 11  7.7                           
061713051114101828オフリドフェスト　　　　　　　　　　108.0 17.2-11.4-16.8 -9.6 -5  0.0  0                        
061713051214102099シュタルク　　　　　　　　　　　　　 13.1  2.8  0.1 -0.4 -0.1  5  7.2                           
061713051314103323サーブルノワール　　　　　　　　　　 18.0  3.5 20.0 14.8 11.4 16 12.3C                          
061713051414100693コスモエアターン　　　　　　　　　　 95.8 15.3-10.0-14.8 -8.4 -3  0.0                           
061713051514100208ウインイクシード　　　　　　　　　　  6.1  1.8 12.4 16.0  9.6 15  6.3                           
061713051614105548デルマフユゲシキ　　　　　　　　　　 36.5  6.4-10.0 -0.3 -3.1  2  0.0  0                        
061713060114106543スイーツガーランド　　　　　　　　　 44.2  8.9-10.0-15.1 -8.5 -9  0.0                           
061713060214103145ルージュリアン　　　　　　　　　　　 61.4 11.8-11.4-12.4 -8.0 -8  0.0                           
061713060314100184バトルオスカー　　　　　　　　　　　 32.9  6.8 12.0-11.8 -0.7 -1  0.0                           
061713060414106218ルヴォワール　　　　　　　　　　　　  3.1  1.5 16.3 26.7 14.7 15 18.1                           
061713060514110045サトノグリーン　　　　　　　　　　　  6.1  2.0 10.0 11.0  7.0  7  6.2                           
061713060614105757レディロックバンド　　　　　　　　　 27.5  5.8-10.0 -4.8 -4.8 -5  0.0  0                        
061713060714109121シンパンジャ　　　　　　　　　　　　 25.4  5.4 -1.5 -2.2 -1.3 -1  0.0                           
061713060814106044パガットケーブ　　　　　　　　　　　  9.1  2.6 -0.1 -2.4 -0.9 -1 10.3C                          
061713060914105726フジマサスターダム　　　　　　　　　 12.6  3.1  3.7 14.4  6.4  6  0.0                           
061713061014102191カンタンテ　　　　　　　　　　　　　  7.2  2.2  1.5  7.3  3.1  3  6.8C                          
061713061114106195シェリトリンド　　　　　　　　　　　 35.7  7.3-10.0-12.8 -7.7 -8  0.0                           
061713061214100485クラークキー　　　　　　　　　　　　 19.1  4.3-10.0 -2.3 -3.8 -4  0.0  0                        
061713061314105419トーバスヌーマ　　　　　　　　　　　 24.8  5.3  4.6 -1.2  0.9  1  0.0                           
061713061414105485サトノルーラー　　　　　　　　　　　  4.3  1.7 14.2 15.2  9.8 10 19.8                           
061713061514104268ヘヴンオンアース　　　　　　　　　　 23.2  5.0 -6.9 -8.5 -5.2 -5  0.0                           
061713070113105477シャドウトルーパー　　　　　　　　　 60.6 12.8-10.4-19.1-10.1 10  0.0  0                        
061713070213102378グラスアクト　　　　　　　　　　　　  9.1  2.8 -2.2 17.9  5.9 26 10.9                           
061713070312100895コマクサ　　　　　　　　　　　　　　 31.0  7.0  4.0-14.8 -4.2 16  0.0                           
061713070412101021ブラッシングスター　　　　　　　　　 43.5  9.6-11.4-11.7 -7.7 12  0.0                           
061713070513103531ボーントゥレイン　　　　　　　　　　  5.0  1.8  8.0  4.9  4.2 24 15.2                           
061713070613105503スパツィアーレ　　　　　　　　　　　  5.4  1.9 14.6 16.8 10.5 31 13.5  3                        
061713070712102981ワイルドダンサー　　　　　　　　　　 15.7  3.9  1.0  2.6  1.3 21  0.0                           
061713070812102357ウインオベロン　　　　　　　　　　　 39.0  8.7-11.4-11.3 -7.6 12  0.0                           
061713070913101939マイネルトゥラン　　　　　　　　　　  3.8  1.6 12.3  7.0  6.3 26 18.1                           
061713071011104335ネオヴァリアント　　　　　　　　　　 26.4  6.1 -3.2  9.9  2.7 23  0.0                           
061713071112102816デストリーライズ　　　　　　　　　　 46.2 10.1-10.0 11.0  1.0 21  0.0                           
061713071213101246スケールアップ　　　　　　　　　　　  4.8  1.8 14.1 22.9 12.6 33  0.0                           
061713071313100062ココロノキャンバス　　　　　　　　　 41.7  9.2-11.4 -6.3 -5.7 14  0.0                           
061713071413104871グラスレグナム　　　　　　　　　　　  7.9  2.5 10.0 23.5 11.6 32  7.2C                          
061713071513103674スリーミュージアム　　　　　　　　　 38.9  8.6-10.0 12.0  1.4 21  0.0                           
061713080113103457アルタモーダ　　　　　　　　　　　　181.0 30.7-11.4-16.7 -9.5 10  0.0  0                        
061713080212105639イアペトス　　　　　　　　　　　　　  8.6  2.3  8.3  7.0  5.1 25  0.0                           
061713080313106425ハートイズハート　　　　　　　　　　  8.7  2.3  6.0 26.1 11.4 31 14.5  1  285   50              
061713080413101839ドウカンヤマ　　　　　　　　　　　　  7.0  2.0 10.0 16.6  9.1 29  8.9  2                        
061713080513100871デルマチカラ　　　　　　　　　　　　 36.5  6.9-11.3  6.4 -1.0 19  0.0                           
061713080612105221スズヨサムソン　　　　　　　　　　　 39.9  7.5-10.0 -7.6 -5.8 14  0.0                           
061713080713100997ラッキーポイント　　　　　　　　　　 38.4  7.2-11.3-11.4 -7.6 12  0.0                           
061713080813106030パルクフェルメ　　　　　　　　　　　 31.2  6.0 -9.1-10.2 -6.5 14  0.0                           
061713080913100432イザ　　　　　　　　　　　　　　　　  3.1  1.4 15.0 20.0 11.8 32 10.6                           
061713081013100404ポンテファブリチオ　　　　　　　　　  3.3  1.4 20.0 27.5 16.1 36 19.8                           
061713081112100583セルメール　　　　　　　　　　　　　 52.6  9.6-11.3 -7.3 -6.1 14  0.0                           
061713081212103911プレツィオーゼ　　　　　　　　　　　 72.6 12.7-11.4-12.4 -8.0 12  0.0                           
061713081312102830ポントス　　　　　　　　　　　　　　 24.0  4.7 -9.8  3.8 -1.5 18  0.0                           
061713081413109177カゼノカムイ　　　　　　　　　　　　 13.9  3.1  6.7  5.5  4.0 24  0.0                           
061713081512100798シャンパンサーベル　　　　　　　　　 14.8  3.2-10.4 25.5  6.2 26 11.6  1  242   62              
061713081612104140ダイワズットラブ　　　　　　　　　　 39.0  7.3 -6.9-12.8 -6.8 13  0.0  0                        
061713090111104825ペイシャゴンジセ　　　　　　　　　　 19.6  4.6 -2.5  6.2  1.5 32  0.0                           
061713090212104044キングルアウ　　　　　　　　　　　　 20.1  4.7-12.5 -8.3 -6.8 23  0.0                           
061713090312101117トーセンアーネスト　　　　　　　　　  8.9  2.7  7.1 16.5  8.2 38  7.2                           
061713090412100617フィエルテ　　　　　　　　　　　　　 42.6  9.2-12.5 -6.6 -6.2 24  0.0                           
061713090513102112エルゼロ　　　　　　　　　　　　　　 19.6  4.7 -5.7  7.0  0.9 31  0.0                           
061713090611104172アンヴェイルド　　　　　　　　　　　 33.5  7.3-11.4  4.5 -1.8 28  0.0                           
061713090712100277ロックキャンディ　　　　　　　　　　 15.7  3.8 -2.0  6.8  1.9 32  0.0                           
061713090813100636ショートストーリー　　　　　　　　　  4.5  1.7  7.5 10.5  6.1 36 14.0                           
061713090911102001ラフェットデメール　　　　　　　　　106.0 21.2 -8.2 -9.3 -5.9 24  0.0                           
061713091011101907レオナビゲート　　　　　　　　　　　 89.8 18.1-10.4-12.2 -7.6 22  0.0                           
061713091112101621セイカアヴァンサ　　　　　　　　　　 26.2  5.9 -9.5  9.2  0.5 31  0.0                           
061713091212104466バイオンディップス　　　　　　　　　  6.5  2.1 10.1 24.3 11.9 42 13.5                           
061713091313102575カフェブリッツ　　　　　　　　　　　  3.6  1.5 15.8 14.8 10.2 40 18.1  5                        
061713091410103579ヘイローフォンテン　　　　　　　　　 53.3 11.3-10.0 -2.0 -3.7 26  0.0                           
061713091512100056ブラックブリーズ　　　　　　　　　　 39.4  8.5 -9.0 -7.5 -5.4 25  0.0  0                        
061713091612104329アバオアクー　　　　　　　　　　　　  4.5  1.7 11.9 20.2 11.0 41  8.9                           
061713100113105601ダイワダッチェス　　　　　　　　　　  2.9  1.4 20.0 17.3 12.3 47 12.8                           
061713100210102675スリーカーニバル　　　　　　　　　　 86.5 14.9-12.5-10.1 -7.5 28  0.0                           
061713100311100790フルールシチー　　　　　　　　　　　 11.2  2.6  3.6  5.9  3.2 38 10.3                           
061713100411103191アルマエルナト　　　　　　　　　　　  8.1  2.2  7.4  9.1  5.6 41  8.9                           
061713100508102614ゴーハンティング　　　　　　　　　　 17.7  3.7 -4.6  1.0 -1.0 34  0.0  0                        
061713100610102252クリノタカラチャン　　　　　　　　　 40.6  7.5 -9.1-11.3 -6.9 28  0.0                           
061713100713103973ワンスインナムーン　　　　　　　　　  3.4  1.5 20.4 20.8 13.7 49 11.6  1  109   65              
061713100813106160クードラパン　　　　　　　　　　　　 10.8  2.5 10.7 13.2  8.1 43 13.5                           
061713100911100941クリノハッチャン　　　　　　　　　　 76.2 13.2-11.3-11.7 -7.7 27  0.0                           
061713101010105716カシノワルツ　　　　　　　　　　　　 85.7 14.7-11.4 -7.7 -6.2 29  0.0                           
061713101112101248ムーンエクスプレス　　　　　　　　　 20.5  4.2 -2.9 -1.0 -1.2 34  0.0                           
061713101212100331ゴールドペガサス　　　　　　　　　　 12.4  2.8 -7.1 -9.5 -5.6 29  0.0  5                        
061713101311101002クリノコマチ　　　　　　　　　　　　 64.6 11.3 -9.5 -6.3 -5.2 30  0.0                           
061713101411103009デンコウウノ　　　　　　　　　　　　 15.0  3.2 10.1  5.2  4.9 40  8.2                           
061713101508100889ユキノアイオロス　　　　　　　　　　 28.8  5.5 -4.6 -1.2 -1.8 33  0.0  5                        
061713101613100579ボーダレス　　　　　　　　　　　　　 34.7  6.5 15.6-12.6  0.1 35  0.0  0                        
061713110114106136コーラルプリンセス　　　　　　　　　  5.4  1.7 13.3 25.6 13.4 63 12.5  3                        
061713110214104265ツヅク　　　　　　　　　　　　　　　 22.9  4.5 -9.1 -9.1 -6.1 44  0.0                           
061713110314105785アエロリット　　　　　　　　　　　　  2.9  1.3 12.0 20.7 11.2 61 18.1                           
061713110414102424ブラックオニキス　　　　　　　　　　 31.2  5.9  0.8 14.6  5.6 56  0.0                           
061713110514109096ジャストザマリン　　　　　　　　　　 27.2  5.2 -6.8 -7.7 -4.9 45  0.0                           
061713110614105810ヒストリア　　　　　　　　　　　　　  9.4  2.4  8.4  7.1  5.1 55  9.6                           
061713110714105990キュイキュイ　　　　　　　　　　　　 17.9  3.7 -2.3  4.0  0.8 51  7.7                           
061713110814102387モリトシラユリ　　　　　　　　　　　 23.1  4.5 -4.6  6.4  1.0 51  0.0                           
061713110914100625ポンポン　　　　　　　　　　　　　　 89.1 15.1-10.0-12.9 -7.7 42  0.0  0                        
061713111014102332スノードーナツ　　　　　　　　　　　 65.7 11.3-10.0 -2.0 -3.7 46  0.0                           
061713111114101829メローブリーズ　　　　　　　　　　　 16.6  3.5 10.0  2.6  4.0 54  7.2                           
061713111214101889アルミューテン　　　　　　　　　　　 39.1  7.2-10.0 -7.0 -5.6 44  0.0                           
061713111314100718パフォーム　　　　　　　　　　　　　 52.7  9.4 -4.6 -6.2 -3.7 46  0.0                           
061713111414103579アマノガワ　　　　　　　　　　　　　 46.8  8.4 -6.6-12.0 -6.4 44  0.0                           
061713111514101903ライジングリーズン　　　　　　　　　 20.9  4.2 -2.4 20.8  6.9 57  0.0                           
061713111614101392キャスパリーグ　　　　　　　　　　　  3.3  1.4 20.4 29.5 16.9 67 16.8                           
061713120113102606リアルキング　　　　　　　　　　　　 28.7  5.8 -6.0 -4.6 -3.5 27 12.3A                          
061713120212102746プレイヤーハウス　　　　　　　　　　 20.2  4.3  1.1  6.3  2.6 33  0.0                           
061713120313105988プライムセラー　　　　　　　　　　　 11.0  2.6  6.0  8.2  4.8 35  0.0                           
061713120411101775ヴィンセンツイヤー　　　　　　　　　 89.0 16.0-11.4-16.0 -9.3 21  0.0  0                        
061713120511103229オンタケハート　　　　　　　　　　　 33.5  6.6-10.0 -9.1 -6.3 24  0.0                           
061713120611103906ロジテースト　　　　　　　　　　　　 60.6 11.1-11.4 -9.5 -6.9 23  0.0                           
061713120711105458スパーブデイ　　　　　　　　　　　　 37.9  7.4-11.4-10.6 -7.3 23 10.1                           
061713120812100225ウインマハロ　　　　　　　　　　　　 30.6  6.1-10.0  6.9 -0.5 30  0.0                           
061713120912104220ジェネラルゴジップ　　　　　　　　　  4.3  1.5 25.1 14.5 12.8 43 15.1                           
061713121010101988スワンボート　　　　　　　　　　　　 73.3 13.3-11.3 -9.3 -6.8 23  0.0                           
061713121113105807エフティスパークル　　　　　　　　　  3.8  1.5 12.0 27.5 13.7 44 11.6                           
061713121211104879コスモツケマ　　　　　　　　　　　　 87.7 15.8-10.0 -7.8 -5.9 24  0.0                           
061713121313103569リッジマン　　　　　　　　　　　　　 58.5 10.8-12.5 -4.8 -5.5 24  0.0                           
061713121412104678ブラックバゴ　　　　　　　　　　　　 11.3  2.7  5.3 14.5  6.9 37  0.0  5                        
061713121511104263サトノスティング　　　　　　　　　　 12.0  2.8  9.1  8.6  5.9 36  0.0                           
061713121612104925ヴェラヴァルスター　　　　　　　　　  3.0  1.3 16.8 16.4 11.1 41 18.1                           
081713010114106234ピンクスター　　　　　　　　　　　　 13.4  2.9 -4.6 21.0  4.6 10  9.6                           
081713010214101958フェアリーパウダー　　　　　　　　　  5.5  1.7 12.6 22.1 11.3 16 11.8                           
081713010314104937タマモヒナマツリ　　　　　　　　　　 44.2  7.7 -5.8 -9.1 -4.9  0  0.0  0                        
081713010414105828バニーテール　　　　　　　　　　　　  2.1  1.2 21.4 19.9 13.8 19 17.4                           
081713010514103878ブラックシンデレラ　　　　　　　　　 19.1  3.8  5.5 14.7  6.4 11  0.0                           
081713010614102411テイエムアンムート　　　　　　　　　 95.5 15.5-12.9-20.0-10.7 -6  0.0  0                        
081713010714104770アマノキャロット　　　　　　　　　　 43.1  7.6 -4.6-11.6 -5.2  0  0.0                           
081713010814102673シンボリブーケ　　　　　　　　　　　 12.4  2.7 10.9  3.4  5.0 10 10.3                           
081713010914101469スズカフローレンス　　　　　　　　　 57.6  9.6-11.1-14.5 -8.4 -3  0.0                           
081713011014103174イケジュンペガサス　　　　　　　　　 44.7  7.8-11.7-11.1 -7.6 -3  0.0                           
081713011114102178ブルーブラッド　　　　　　　　　　　 19.7  3.9 -1.0 -6.9 -2.4  3 10.8                           
081713011214103038レイナプティ　　　　　　　　　　　　152.9 24.5-11.1-15.2 -8.6 -4  0.0  0                        
081713011314102623クリノルイーザ　　　　　　　　　　　 85.2 13.9-11.1-10.2 -7.1 -2  0.0                           
081713011414105520クールデザイン　　　　　　　　　　　  7.0  1.9  6.1 12.3  5.9 11 12.7                           
081713011514106462サンチャゴボラーレ　　　　　　　　　 21.0  4.1 -4.6 -7.9 -4.1  1  8.0                           
081713011614100888ゴッドパイレーツ　　　　　　　　　　  8.7  2.3  3.4 14.1  5.5 10  0.0                           
081713020114103897タガノマニカ　　　　　　　　　　　　 13.4  3.6 -1.5  7.7  1.8  2 18.5                           
081713020214103848スズカスマート　　　　　　　　　　　 49.5 11.3-11.1-14.7 -8.5 -8  0.0                           
081713020314103880メイショウヒャッカ　　　　　　　　　 27.9  6.7 -7.9-14.7 -7.3 -7  0.0                           
081713020414104298ルメイユール　　　　　　　　　　　　  8.3  2.7 14.3-11.1  1.9  2  6.7A                          
081713020514104860スマートカペラ　　　　　　　　　　　  5.6  2.0  6.9  5.6  4.2  4  0.0                           
081713020614104353シュプリームゾーン　　　　　　　　　 94.6 20.5-11.7 -8.6 -6.9 -7  0.0                           
081713020714102263イサチルリョウマ　　　　　　　　　　 16.2  4.2 -4.5-11.2 -5.0 -5  0.0                           
081713020814106460マリアベーラ　　　　　　　　　　　　  4.0  1.7 16.6 18.6 11.7 12 12.0                           
081713020914103424クラッシーデイム　　　　　　　　　　 39.0  9.1 -3.8-13.1 -5.3 -5  0.0  0                        
081713021014103942オスカークイーン　　　　　　　　　　 40.7  9.4 -7.7-11.6 -6.3 -6  0.0                           
081713021114103525メイショウマライカ　　　　　　　　　 48.4 11.1-11.1 -9.8 -7.0 -7  0.0                           
081713021214105028ラッレグラーレ　　　　　　　　　　　  5.6  2.0  9.3 19.0  9.1  9 12.7                           
081713021314105640テイケイラフイン　　　　　　　　　　 28.6  6.8 -2.9  8.4  1.5  1  0.0                           
081713021414100913チタノプリンセス　　　　　　　　　　 29.5  7.0 -8.3  1.1 -2.7 -3 12.6A                          
081713021514101642ビッグディッパー　　　　　　　　　　  6.5  2.2 -2.6  5.5  0.7  1 11.7                           
081713021614109083ブリッゲン　　　　　　　　　　　　　  7.2  2.4 -4.0 15.8  3.3  3 12.5                           
081713030114105716スニグラーチカ　　　　　　　　　　　 38.5  7.4-11.7-14.0 -8.5 -3  0.0                           
081713030214103035ジェミニズ　　　　　　　　　　　　　 71.0 12.8-11.1-15.2 -8.6 -4  0.0  0                        
081713030314100490タガノラガッツォ　　　　　　　　　　 19.2  4.1  0.0  5.0  1.5  7  0.0                           
081713030414106131テソーロ　　　　　　　　　　　　　　  6.5  2.0 12.8 10.3  7.8 13  5.9                           
081713030514105673ヴィグランドイチロ　　　　　　　　　 40.4  7.7 -7.9-11.5 -6.3 -1  0.0                           
081713030614106159ウニオミュスティカ　　　　　　　　　 20.9  4.4 -0.5  5.7  1.5  7  0.0                           
081713030714104002ヤマニンアンプリメ　　　　　　　　　 45.3  8.6-11.1-15.1 -8.6 -4  0.0  0                        
081713030814103266メイショウエイコウ　　　　　　　　　  7.3  2.1  8.5 14.7  7.5 13  6.9                           
081713030914102505テイルバック　　　　　　　　　　　　 13.8  3.1 -8.5  3.5 -2.1  3  0.0                           
081713031014100618リアンヴェリテ　　　　　　　　　　　  2.2  1.3 18.5 22.4 13.5 19 17.4  2                        
081713031114100641キングレイスター　　　　　　　　　　  7.1  2.1 11.3 12.6  7.9 13 16.7                           
081713031214110029マラードザレコード　　　　　　　　　 31.4  6.1 -5.2-16.6 -6.9 -2 19.1  0                        
081713031314100070シゲルシャチ　　　　　　　　　　　　 23.1  4.7 -1.8 -1.5 -1.1  4  0.0                           
081713031414105006キタサンシーザー　　　　　　　　　　 16.3  3.6  7.6  1.4  3.2  8 17.4                           
081713031514105386アグネスシャレード　　　　　　　　　 88.3 15.7-11.7 -1.3 -4.7  0  0.0                           
081713031614100253ペスカネラ　　　　　　　　　　　　　 18.2  3.9 -8.5 -7.0 -5.2  0  0.0                           
081713040112103615ツジスーパーサクラ　　　　　　　　　  6.8  2.1 16.4 10.4  9.1  9  9.6                           
081713040209100502メイショウオトコギ　　　　　　　　　  5.9  1.9  9.0  4.1  4.5  5 20.5                           
081713040311103958エアカミュゼ　　　　　　　　　　　　  6.3  2.0  5.3 14.9  6.4  6  6.9                           
081713040413103387マジックダイオウ　　　　　　　　　　  6.5  2.1 12.7 19.9 10.6 11 11.4  1  224   71              
081713040511106067メイショウルンバ　　　　　　　　　　  2.7  1.4 20.3 22.0 14.0 14 17.4                           
081713040613103003サウンドウィケット　　　　　　　　　 26.2  5.6 -5.2  5.2 -0.3  0  0.0                           
081713040713100816イチゴアミーラ　　　　　　　　　　　 22.9  5.0  5.8 -0.6  1.9  2  0.0                           
081713040810100540ミヤジタイガ　　　　　　　　　　　　  5.7  1.9 10.3 17.1  8.9  9  5.9  2                        
081713040913101205シャイニーサンダー　　　　　　　　　 44.0  9.0 -9.7-10.3 -6.6 -7  0.0                           
081713041013102280イチザビーナス　　　　　　　　　　　 46.0  9.4-11.7 -5.1 -5.8 -6  0.0                           
081713041112103657トーセンモバイル　　　　　　　　　　 44.0  9.0 -9.7 -8.6 -6.1 -6  0.0                           
081713041210103151ゴースルー　　　　　　　　　　　　　 18.2  4.2 -9.7 -4.6 -4.9 -5  5.8                           
081713050114104309クラシコテーラー　　　　　　　　　　 58.3 10.7-11.1 -3.5 -5.1  0  0.0                           
081713050214105197マイティドリーム　　　　　　　　　　  5.2  1.7  7.1 20.1  8.6 14  7.2  3                        
081713050314104390ライオネルカズマ　　　　　　　　　　 20.9  4.4  1.5  6.7  2.6  8  0.0                           
081713050414103861ロードギブソン　　　　　　　　　　　 44.5  8.6 -8.6  4.0 -2.0  3  7.2                           
081713050514105619ハリーレガシー　　　　　　　　　　　  2.5  1.3 21.4 23.0 14.7 20 10.8                           
081713050614106105ゼニステレスコープ　　　　　　　　　  6.4  2.0 12.8 17.6 10.0 15 12.7                           
081713050714104843ブルベアエイプス　　　　　　　　　　 68.1 12.4-11.1-10.6 -7.3 -2  0.0                           
081713050814105950パンツァネッラ　　　　　　　　　　　 22.4  4.6 -3.9 -2.3 -2.1  3  0.0                           
081713050914105342ラレータ　　　　　　　　　　　　　　 14.3  3.2 -4.2 -8.8 -4.2  1  9.0  0                        
081713051014104508テイエムイキオイ　　　　　　　　　　  5.9  1.9 11.9 11.1  7.7 13 18.6C                          
081713051114103571メイショウアリソン　　　　　　　　　 19.4  4.2  3.4-12.2 -2.4  3  0.0                           
081713051214100464キーグラウンド　　　　　　　　　　　 25.9  5.3 -1.1-12.9 -4.3  1  0.0                           
081713051314103687コンゴウトシオー　　　　　　　　　　 45.6  8.8-11.7  6.9 -2.2  3 10.8                           
081713051414103380オウケンヴィクトリ　　　　　　　　　 53.1 10.1 -9.4-11.2 -6.8 -2  0.0                           
081713051514110084ハニージェイド　　　　　　　　　　　 14.7  3.3  3.7  7.4  3.6  9  7.8                           
081713051614100700コスモリョウゲツ　　　　　　　　　　 72.3 13.2-12.9-10.7 -7.9 -3  0.0                           
081713060114102711リリーメーカー　　　　　　　　　　　 29.8  6.0 -4.0 -4.6 -2.8 17  0.0  0                        
081713060214105778スターカットダイヤ　　　　　　　　　  2.9  1.4 17.5 23.4 13.4 33 17.4                           
081713060314103400メイショウカズヒメ　　　　　　　　　  9.0  2.5  2.2 19.3  6.6 27  0.0                           
081713060414101850ハタノオヌール　　　　　　　　　　　 55.4 10.4 -9.7 -8.6 -6.1 14  0.0                           
081713060514105637スマートシャヒーン　　　　　　　　　  4.3  1.6 17.5 15.7 11.1 31 19.0                           
081713060614101853ハタノアデール　　　　　　　　　　　 12.2  2.9  2.6 -0.7  0.7 21  6.3                           
081713060714101668ナムラアイドル　　　　　　　　　　　 68.1 12.6-11.1-14.1 -8.3 12  0.0                           
081713060814100708スッチェッソ　　　　　　　　　　　　 27.5  5.6 -9.7-10.3 -6.6 13  0.0                           
081713060914102814アースヴィグラス　　　　　　　　　　 24.1  5.0 -9.7 -8.6 -6.1 14  0.0                           
081713061014100620エッシャー　　　　　　　　　　　　　 14.8  3.4 -2.6 -0.2 -1.0 19  5.5  5                        
081713061114103740トルマリ　　　　　　　　　　　　　　 21.0  4.5 -9.7 -0.4 -3.7 16  0.0                           
081713061214102618ダブルスプリット　　　　　　　　　　 15.8  3.6  8.3  9.5  5.9 26  8.3                           
081713061314103614パルフェット　　　　　　　　　　　　 41.5  8.1 -9.7 -8.4 -6.1 14  0.0                           
081713061414103617ハシルキセキ　　　　　　　　　　　　 85.8 15.7 -9.7-10.3 -6.6 13  0.0                           
081713061514100782カムカム　　　　　　　　　　　　　　 34.1  6.8 -5.1  8.5  0.7 21 13.2                           
081713061614104352オアシスクイーン　　　　　　　　　　  5.6  1.8  6.0 17.2  7.4 27 10.8                           
081713070113104317アリノマンボ　　　　　　　　　　　　 25.3  5.2 -5.3 12.0  1.7 22  9.8  5                        
081713070212105428メイショウミソラ　　　　　　　　　　  8.7  2.4 -1.8 -1.7 -1.2 19  6.9  0                        
081713070313102489ワキノアタリ　　　　　　　　　　　　 10.9  2.6 -8.6  7.0 -1.1 19  7.3                           
081713070413101846エルパンドール　　　　　　　　　　　 66.9 12.4-11.1-13.8 -8.2 12  0.0                           
081713070513103489メイショウアケボノ　　　　　　　　　124.4 22.4-11.1-19.7-10.0 10  0.0  0                        
081713070613103029マイグランクロア　　　　　　　　　　 12.3  2.9  4.0  3.5  2.5 23  0.0                           
081713070713105705トゥールエッフェル　　　　　　　　　 82.8 15.1 -0.6-10.5 -3.4 17  0.0                           
081713070813100606エアショウ　　　　　　　　　　　　　 16.0  3.6 -2.8-11.2 -4.4 16  6.2                           
081713070913105980クラリティーアイズ　　　　　　　　　 18.6  4.1  0.3  8.8  2.8 23 20.7                           
081713071013101838エレーデ　　　　　　　　　　　　　　  8.4  2.4  3.0 12.2  4.8 25 12.3                           
081713071113105963トリプライト　　　　　　　　　　　　  3.1  1.5  9.0 15.4  7.9 28 15.4                           
081713071212104697ノーブルソニック　　　　　　　　　　 64.7 12.0 -5.2 -3.0 -2.8 17  0.0                           
081713071312104247バイナリーコード　　　　　　　　　　  3.7  1.6 17.8 15.0 11.0 31  7.2                           
081713071413104595ノーブルスノー　　　　　　　　　　　 13.1  3.0 -5.2 -1.7 -2.4 18  0.0                           
081713071513102171アルマレイモミ　　　　　　　　　　　 35.8  7.1 -6.1 11.2  1.1 21  0.0                           
081713071611105804メイショウサルーテ　　　　　　　　　 28.4  5.8 -6.6 -2.6 -3.2 17  0.0                           
081713080113105476マルカブリスク　　　　　　　　　　　 36.5  7.0 -5.8-11.8 -5.7 14 12.0                           
081713080213101387ブボナ　　　　　　　　　　　　　　　 60.6 10.8-11.1-12.8 -7.9 12  0.0                           
081713080312104440サウンドバーニング　　　　　　　　　  2.6  1.3 17.4 23.7 13.5 33 12.0  3                        
081713080413105595ロードキング　　　　　　　　　　　　 22.9  4.6 -8.6 40.0  8.8 29  0.0                           
081713080512100991テイエムフタエマル　　　　　　　　　 37.5  7.1 -7.8 -2.3 -3.5 16  0.0  0                        
081713080611103681フェイブルネージュ　　　　　　　　　  4.4  1.6 11.6 15.8  9.0 29 19.0                           
081713080713101887ラスイエットロス　　　　　　　　　　 56.0 10.1-11.1-14.0 -8.3 12  0.0                           
081713080813101667キラージョー　　　　　　　　　　　　  6.3  1.9  5.6 21.7  8.6 29 12.7                           
081713080912100577ブロードキャスト　　　　　　　　　　 90.0 15.8-11.1-13.2 -8.0 12  0.0  0                        
081713081011104013アドマイヤアロマ　　　　　　　　　　  9.5  2.5  6.6 13.0  6.3 26  6.3                           
081713081113106137サクレディーヴァ　　　　　　　　　　 25.2  5.0 -0.1 -5.9 -1.8 18  6.5                           
081713081213106126ラルク　　　　　　　　　　　　　　　  8.0  2.2 -1.3  8.8  2.2 22  4.8                           
081713081312103026ノミネーション　　　　　　　　　　　 77.4 13.7 -8.5 -4.1 -4.3 16  0.0                           
081713081412104369フロレットアレー　　　　　　　　　　 12.1  2.8 -2.8 -2.9 -1.9 18  7.8                           
081713081513101965オンザロックス　　　　　　　　　　　 18.5  3.9 -4.4  3.5 -0.6 19  0.0                           
081713081612100825ゼンノブレーメン　　　　　　　　　　 61.1 10.9 -8.5 -7.7 -5.4 15  0.0                           
081713090113105538カフジキング　　　　　　　　　　　　  7.2  2.0  9.9  8.8  6.3 36 14.2                           
081713090210105554フミノメモリー　　　　　　　　　　　 15.5  3.2  2.4  6.7  2.9 33  5.8                           
081713090313104884マイネルビクトリー　　　　　　　　　 30.0  5.5 -9.7 -6.8 -5.6 24  0.0                           
081713090412105917オースミラナキラ　　　　　　　　　　  2.2  1.2 18.7 27.9 15.2 45 10.8                           
081713090513102631ジョースターライト　　　　　　　　　  7.8  2.1  9.9  7.0  5.7 36 14.7                           
081713090612102463ドラゴンバローズ　　　　　　　　　　  4.9  1.6 15.9 11.3  9.2 39 17.2                           
081713090711102551マウナロア　　　　　　　　　　　　　 32.8  5.9 -4.7-11.1 -5.1 25  0.0                           
081713090809104540マッシヴヒーロー　　　　　　　　　　 34.3  6.2-11.7-14.7 -8.7 21  0.0                           
081713090912105245アスタキサンチン　　　　　　　　　　 12.5  2.7  1.4 -7.0 -1.6 28  9.6                           
081713091010102597タニノマンボ　　　　　　　　　　　　 33.4  6.0-10.8-16.2 -8.8 21  0.0                           
081713091110104407タガノエンブレム　　　　　　　　　　  7.5  2.0 -3.7 -4.6 -2.7 27  0.0                           
081713091211105687ストロベリーキング　　　　　　　　　 37.6  6.7 -4.7 -3.4 -2.7 27  9.2  0                        
081713100109103405スズカルパン　　　　　　　　　　　　 28.9  5.3-11.7 -0.4 -4.4 31  0.0                           
081713100213103324ハナズレジェンド　　　　　　　　　　  2.7  1.3 19.6 17.0 12.3 47 10.8                           
081713100310104080レッドルーラー　　　　　　　　　　　 18.4  3.6 -5.3 -2.0 -2.5 32  0.0                           
081713100413103338ジョルジュサンク　　　　　　　　　　 22.3  4.2 -5.5 13.8  2.1 37  0.0                           
081713100513102301ロードヴァンドール　　　　　　　　　  3.3  1.3 13.4 17.4 10.1 45 19.0                           
081713100611103758レッドオリヴィア　　　　　　　　　　  6.7  1.9  8.2 12.6  6.8 42  0.0                           
081713100713102596ヴォージュ　　　　　　　　　　　　　  6.4  1.8  8.0 22.9  9.8 45 20.1                           
081713100811105920メイショウコルノ　　　　　　　　　　 37.7  6.7 -4.7 -5.4 -3.3 32 11.4  5                        
081713100913103564アドマイヤキズナ　　　　　　　　　　  4.7  1.5 11.8 19.8 10.3 45 16.3  2                        
081713101009102640ベルニーニ　　　　　　　　　　　　　 51.9  8.9 -7.9-14.5 -7.2 28  0.0  0                        
081713110114100470ミルトプリンス　　　　　　　　　　　131.6 20.4-11.1-13.2 -8.0 42  0.0  0                        
081713110214101960ブレイヴバローズ　　　　　　　　　　 30.1  5.3 -4.2 -9.4 -4.4 46  0.0                           
081713110314103798メイショウソウビ　　　　　　　　　　 41.5  7.1 -7.5 -6.8 -4.8 45  0.0                           
081713110414104587テイエムアニマンテ　　　　　　　　　 78.9 12.5-11.1-15.2 -8.6 41  0.0  0                        
081713110514105258ペルシアンナイト　　　　　　　　　　  2.2  1.2 21.1 22.2 14.4 64 15.4                           
081713110614104731ブラックランナー　　　　　　　　　　 48.1  8.1-11.1-16.6 -9.1 41  0.0  0                        
081713110714106046アルアイン　　　　　　　　　　　　　  4.4  1.6 12.1 14.8  8.9 59 19.0                           
081713110814100465トラスト　　　　　　　　　　　　　　  8.4  2.1  6.4 18.2  7.8 58  6.9  5                        
081713110914102698キョウヘイ　　　　　　　　　　　　　 27.8  5.0 -7.7 -6.2 -4.7 45  6.2                           
081713111014100971マイスタイル　　　　　　　　　　　　  8.2  2.1  1.2  6.9  2.5 53  0.0                           
081713111114103163エテレインミノル　　　　　　　　　　 53.0  8.8 -7.9  2.8 -2.1 48 13.8                           
081713111214109030ケンシン　　　　　　　　　　　　　　 47.5  8.0 -7.7  5.5 -1.2 49  0.0                           
081713111314101644イエローマジック　　　　　　　　　　 27.5  4.9 -2.7 15.7  3.7 54 12.2                           
081713111414105983タイセイスターリー　　　　　　　　　  9.2  2.3  9.1 10.7  6.5 57  0.0                           
081713111514102889コウソクストレート　　　　　　　　　  8.9  2.2 11.5 14.8  8.7 59 15.4                           
081713120110102709ヒルノドンカルロ　　　　　　　　　　 19.4  4.1-11.7-11.6 -7.8 22  0.0                           
081713120211101782ビオラフォーエバー　　　　　　　　　 24.2  4.9 -3.7-12.0 -5.0 25  0.0                           
081713120312104785ストレンジクォーク　　　　　　　　　  3.5  1.4 14.5 12.7  9.1 39 11.8                           
081713120409103736スリーヴェローチェ　　　　　　　　　 38.9  7.5-11.7-12.8 -8.1 22  0.0                           
081713120513104643ストンライティング　　　　　　　　　 14.7  3.3  8.2 27.0 11.1 41  7.4                           
081713120612104167ショウナンハルカス　　　　　　　　　 32.3  6.4 -4.4 -3.0 -2.5 27 10.8                           
081713120712103988ソールインパクト　　　　　　　　　　  3.4  1.4 11.6 14.9  8.7 39 19.0                           
081713120812104503パフォーマプロミス　　　　　　　　　  3.2  1.3 17.5 14.2 10.7 41  9.2                           
081713120913104796スパーキングジョイ　　　　　　　　　 50.3  9.5-11.7-12.2 -7.9 22  0.0                           
081713121013105804ショパン　　　　　　　　　　　　　　  4.6  1.6 16.7 14.2 10.4 40 20.1                           
081713121111102577ベストセラーアスク　　　　　　　　　 56.0 10.3-11.1 10.1 -1.0 29  0.0  5                        
