061712010114103412アンヌ　　　　　　　　　　　　　　　 83.5 17.3-11.4 -9.3 -6.8 -2  0.0                           
061712010214102519フォレストクイーン　　　　　　　　　 10.7  2.9  7.7  8.5  5.4 10  7.7                           
061712010314101353サンデュランゴ　　　　　　　　　　　  7.6  2.4 13.3  9.5  7.5 12  9.6                           
061712010414105550エボニーアイボリー　　　　　　　　　 17.5  4.3-10.0  6.0 -0.8  4  0.0                           
061712010514100304ネコフッピー　　　　　　　　　　　　 46.5 10.2-11.3-11.5 -7.6 -3  0.0                           
061712010614104313ルア　　　　　　　　　　　　　　　　 20.8  5.0 -3.0-11.0 -4.9  0 13.7  0                        
061712010714104403ジューン　　　　　　　　　　　　　　 99.8 20.5-11.4-14.6 -8.8 -4  0.0  0                        
061712010814104847アスヘノキボウ　　　　　　　　　　　 56.0 11.8-10.0-15.1 -8.5 -4  0.0                           
061712010914106050ガレットショコラ　　　　　　　　　　  9.4  2.8  5.3 22.8  9.9 15 10.3  2                        
061712011014105576ブライトエピローグ　　　　　　　　　  5.2  1.9  7.2 21.7 10.1 15 11.6                           
061712011114105307プレシャスジュエル　　　　　　　　　 15.8  3.9 -4.7 -0.5 -1.6  3  8.6                           
061712011214101537アイアムキャツアイ　　　　　　　　　  3.5  1.6 12.0 18.3 10.3 15  5.3                           
061712011314105123プティトシャンティ　　　　　　　　　 11.3  3.0 10.0  0.6  3.2  8  0.0  5                        
061712011414102434デルマキミノナハ　　　　　　　　　　  6.2  2.1 15.0 12.7  9.2 14  6.3                           
061712011514106488キョウモバライロ　　　　　　　　　　 64.0 13.4-10.0-16.6 -9.1 -4  0.0  0                        
061712011614105065タキオンレイ　　　　　　　　　　　　 22.3  5.2-10.0-12.6 -7.6 -3  0.0  0                        
061712020114104784エポックメーカー　　　　　　　　　　  2.1  1.2 20.4 22.7 14.4 19 18.1                           
061712020214105071アスカショウダイ　　　　　　　　　　 39.2  6.7-11.3-10.4 -7.2 -2  0.0                           
061712020314104957ニーマルサンデー　　　　　　　　　　  4.5  1.5 13.0 15.7  9.7 15 11.6                           
061712020414109050ハッスルバッスル　　　　　　　　　　 14.7  3.0  0.9  7.2  2.9  8  0.0                           
061712020514105450ホウオウステップ　　　　　　　　　　 33.0  5.7 -9.1-10.4 -6.5 -2  0.0                           
061712020614103922スカイベリー　　　　　　　　　　　　143.5 22.0-10.4 -7.0 -5.7 -1  0.0                           
061712020714105430コトブキホーク　　　　　　　　　　　 17.4  3.4-10.0-11.0 -7.0 -2  0.0                           
061712020814102479ワイルドスマッシュ　　　　　　　　　 61.2  9.8-10.0-13.2 -7.8 -3  0.0                           
061712020914100566ヤマニンバンタジオ　　　　　　　　　 16.3  3.2  8.0  5.4  4.4  9  0.0                           
061712021014103928チェリートリトン　　　　　　　　　　 11.6  2.5 20.0 10.6  9.9 15  9.6C                          
061712021114103836ゴールドコーナー　　　　　　　　　　 47.1  7.9-11.4 -2.4 -4.3  1  0.0                           
061712021214101927マイネルグアンチェ　　　　　　　　　 76.3 12.0-10.0-11.5 -7.2 -2  0.0                           
061712021314100681カツヒメ　　　　　　　　　　　　　　 63.5 10.1-11.4-13.7 -8.4 -3  0.0                           
061712021414103311マイネルストラトス　　　　　　　　　 16.0  3.2 10.0 16.4  9.0 14  0.0                           
061712021514104470ディーエスレイダー　　　　　　　　　 38.2  6.5 -9.5 -0.4 -3.0  2  0.0  0                        
061712021614101727ハイランドピーク　　　　　　　　　　  6.9  1.9 10.0 18.1  9.6 15 21.4                           
061712030114101613ノリノリコユキ　　　　　　　　　　　 14.7  3.6 -0.7 -3.2 -1.4  4  0.0                           
061712030214102022スピーディクール　　　　　　　　　　  7.9  2.4  6.0  3.9  3.2  8 15.2  5                        
061712030314102329クリノレオノール　　　　　　　　　　 74.2 15.0-11.4-11.5 -7.6 -3  0.0                           
061712030414105133クーロゼ　　　　　　　　　　　　　　 85.4 17.1-10.0-12.6 -7.6 -3  0.0  0                        
061712030514100779サンジレット　　　　　　　　　　　　 12.9  3.3  6.0  0.4  1.9  7  0.0                           
061712030614109089ヤマノブロンコ　　　　　　　　　　　 25.6  5.7-10.0  0.5 -2.8  2 24.4  5                        
061712030714105259ドナペリドット　　　　　　　　　　　 14.4  3.6  0.2-10.2 -3.7  1  9.2                           
061712030814105150ラヴトワイス　　　　　　　　　　　　  8.2  2.5 12.0 -3.8  2.2  7  6.7  0                        
061712030914101126キップヨシ　　　　　　　　　　　　　 13.2  3.3-10.0  9.7  0.6  6  0.0  5                        
061712031014102981ナムラクロエ　　　　　　　　　　　　 11.8  3.0 -0.4-12.2 -4.6  0 10.9  0                        
061712031114109100キャプテンルフィ　　　　　　　　　　  4.0  1.7 19.7 15.7 11.7 17  0.0                           
061712031214105193マスターマインド　　　　　　　　　　 66.1 13.4 -6.9-14.1 -7.2 -2  0.0                           
061712031314101139リネンカイソク　　　　　　　　　　　117.0 23.2-10.0-14.6 -8.4 -3  0.0                           
061712031414102480キープスマイル　　　　　　　　　　　 42.7  9.1-11.4-11.3 -7.6 -3  0.0                           
061712031514100936ユイノルフィ　　　　　　　　　　　　  4.0  1.7 16.6  8.5  8.1 13 11.6                           
061712031614104251ラヴィソント　　　　　　　　　　　　  9.3  2.8-10.0-14.6 -8.4 -3  0.0                           
061712040114105137クインズスプリング　　　　　　　　　 25.0  5.1 -5.3  0.4 -1.4 -1  0.0                           
061712040214103459スリーミネルバ　　　　　　　　　　　 11.8  2.8 20.0-20.0 -1.3 -1  6.7                           
061712040314106113レッドラトナ　　　　　　　　　　　　  3.0  1.4 19.0 14.7 11.1 11  7.5                           
061712040414106019モーリーファ　　　　　　　　　　　　 14.5  3.3-10.0-14.0 -8.1 -8 11.6                           
061712040514101906サンマルスイート　　　　　　　　　　 39.2  7.7-10.0-11.3 -7.1 -7  0.0                           
061712040614104606ニューフェイス　　　　　　　　　　　 35.9  7.1  6.0 -1.1  1.4  1  0.0                           
061712040714105644タイムレスタイム　　　　　　　　　　 25.2  5.2 -0.6-14.0 -5.3 -5  0.0                           
061712040814104107サウンドベティ　　　　　　　　　　　 20.4  4.4 -8.1  2.1 -1.7 -2  0.0                           
061712040914104129カルマクイーン　　　　　　　　　　　 55.8 10.4-10.0 -9.3 -6.4 -6  0.0  0                        
061712041014106357ウーヴリール　　　　　　　　　　　　 40.4  7.9-10.0-16.6 -9.1 -9  0.0  0                        
061712041114100504タガノアニード　　　　　　　　　　　 14.8  3.4 -6.0  4.3 -0.2  0  8.7                           
061712041214100299グローリアスイリス　　　　　　　　　  7.6  2.2 10.0  9.7  6.6  7  0.0  3                        
061712041314105054シナジー　　　　　　　　　　　　　　 13.3  3.1  0.2 -6.3 -2.3 -2  0.0                           
061712041414105700シャインサンデー　　　　　　　　　　  4.0  1.6 12.4 11.4  7.9  8 19.8  5                        
061712041514104503ナオトラ　　　　　　　　　　　　　　 13.2  3.1-10.4 14.5  2.2  2 14.5  5                        
061712041614103199コウユーモエルコイ　　　　　　　　　 74.9 13.7-10.4-16.7 -9.2 -9  0.0  0                        
061712050114101801サンアンカレッジ　　　　　　　　　　 25.4  5.7-10.0  4.7 -1.3  4  0.0                           
061712050214100063プレシャスブルー　　　　　　　　　　 11.9  3.1  9.0  6.5  5.1 10  7.2                           
061712050314102825フィールザサンダー　　　　　　　　　 12.5  3.2  6.7 11.6  6.3 11  0.0                           
061712050414105670ルネディ　　　　　　　　　　　　　　 23.8  5.4 -4.4 -0.9 -1.6  3  0.0                           
061712050514101715ハードアタック　　　　　　　　　　　  4.2  1.7 16.0 11.4  9.0 14  0.0                           
061712050614106309サクラサクコロ　　　　　　　　　　　  6.3  2.1  8.0  3.8  3.8  9  8.9                           
061712050714100140ルックアットミー　　　　　　　　　　 25.6  5.8-10.0 18.8  3.9  9  0.0                           
061712050814105987ミステキサス　　　　　　　　　　　　 41.2  8.9 -9.1 -8.9 -6.0 -1  0.0                           
061712050914105101ミサトウオッカ　　　　　　　　　　　110.3 22.0-11.4-12.2 -7.9 -3  0.0  0                        
061712051014100692マイネルプラヌール　　　　　　　　　 27.8  6.2-14.7 10.6 -0.5  4  0.0  1  237   42              
061712051114100557ヤマニンシーベリー　　　　　　　　　 23.0  5.2 20.0 -8.5  2.9  8  9.2                           
061712051214100694コスモディライト　　　　　　　　　　 16.2  3.9 -2.7  3.8  0.6  6  0.0                           
061712051314106190ミッキークロス　　　　　　　　　　　 12.7  3.2 -0.6  4.7  1.5  7 19.8                           
061712051414101934ノーティスボード　　　　　　　　　　 24.4  5.5 -6.5-12.2 -6.4 -1  0.0                           
061712051514105141グラスルアー　　　　　　　　　　　　 11.5  3.0 15.0  7.9  7.4 12  6.7C                          
061712051614100344パイルーチェ　　　　　　　　　　　　  3.8  1.6 15.1 23.1 13.0 18 18.1                           
061712060112104872アドマイヤガスト　　　　　　　　　　  8.4  2.6  5.1  2.8  2.6 23  0.0                           
061712060212103493ビクトリーミノル　　　　　　　　　　 18.0  4.4  3.6  3.7  2.4 22  0.0                           
061712060313101379ポボス　　　　　　　　　　　　　　　 19.5  4.7-12.5 -8.1 -6.7 13  0.0                           
061712060412104569ボルドネス　　　　　　　　　　　　　  5.1  1.9  6.0  6.2  4.1 24  5.8                           
061712060513104272ディリゲント　　　　　　　　　　　　  6.1  2.1  9.0 13.2  7.5 28 21.4                           
061712060613100528トーホウデサント　　　　　　　　　　 12.0  3.1  6.0 -0.5  1.6 22 12.3  5                        
061712060713100464シンボリラパス　　　　　　　　　　　 11.5  3.0  2.1  7.2  3.3 23  0.0                           
061712060812104230サトノギャラクシー　　　　　　　　　  3.5  1.6 15.3 19.0 11.6 32 18.1                           
061712060913103707イルフォーコン　　　　　　　　　　　  8.3  2.6  3.8-11.8 -3.2 17  0.0                           
061712061012102222クワッドアクセル　　　　　　　　　　  6.3  2.1  6.0 17.0  8.0 28  6.7                           
061712061112105006カゼニモマケズ　　　　　　　　　　　 39.3  8.6-10.4-16.4 -9.1 11  0.0  0                        
061712061212105342レオクイック　　　　　　　　　　　　 58.2 12.2-11.3-11.3 -7.5 12  0.0                           
061712070111105905スズカプリオール　　　　　　　　　　 78.8 14.6-11.4-20.0-10.8 19  0.0                           
061712070212110089サウンドジャンゴ　　　　　　　　　　  3.8  1.6 12.0 24.3 12.5 43 14.0A 1  237   42              
061712070313103944クリプトスコード　　　　　　　　　　 51.8 10.1-11.4 -8.9 -6.7 23  0.0                           
061712070411103097ヒカリブランデー　　　　　　　　　　  3.2  1.5 18.5 20.5 13.1 43 10.6  3                        
061712070510101947エビスグレイト　　　　　　　　　　　 23.0  4.9-10.0 11.4  1.2 31  0.0  5                        
061712070611101958セクシーボーイ　　　　　　　　　　　 10.7  2.6 20.7 10.2  9.9 40  7.2  5                        
061712070713106262カネノイロ　　　　　　　　　　　　　 15.8  3.6 20.0 -3.2  4.8 35  0.0  0                        
061712070812100342アトランタ　　　　　　　　　　　　　  8.2  2.4 15.3 14.9 10.1 40 15.1C                          
061712070912110030パラダイスガーデン　　　　　　　　　 44.6  8.8-11.4-12.0 -7.8 22  0.0                           
061712071012104467テキスタイルアート　　　　　　　　　 22.5  4.8 -1.1  8.4  2.8 33  0.0                           
061712071111105477プリサイスエース　　　　　　　　　　  8.4  2.4  5.1  6.2  3.8 34  9.6                           
061712071212101466イワヌガハナ　　　　　　　　　　　　109.0 20.0-10.0 -9.8 -6.6 23  0.0                           
061712071313102858アデレードヒル　　　　　　　　　　　 11.3  2.8 -4.7 15.5  4.3 34  7.7                           
061712071413100513シゲルヒラマサ　　　　　　　　　　　 28.0  5.8 -7.1 -1.7 -2.8 27  0.0                           
061712071512101540テイクウォーニング　　　　　　　　　 24.2  5.1-12.5 -6.4 -6.1 24  0.0                           
061712071611104856サウスキング　　　　　　　　　　　　 19.6  4.3  0.2  2.9  1.1 31  0.0                           
061712080110100880ドリームハヤテ　　　　　　　　　　　 18.8  4.3  9.9  1.2  3.4 23  0.0                           
061712080212105338メイショウオヤシオ　　　　　　　　　 15.6  3.6  3.6  5.0  2.9 23  0.0                           
061712080310102603ウォンテッド　　　　　　　　　　　　 20.0  4.5 -2.9  4.5  0.8 21 13.0                           
061712080413104451ミヤコノアバランチ　　　　　　　　　 45.1  9.1-10.4-10.6 -7.0 13  0.0                           
061712080508104413アイティテイオー　　　　　　　　　　 11.7  2.9 10.4 -1.9  2.4 22  7.2  5                        
061712080612103115マイネルポルトゥス　　　　　　　　　 34.2  7.1 -7.5  3.8 -0.9 19  0.0                           
061712080710104562ソロル　　　　　　　　　　　　　　　  4.2  1.6 13.4 23.6 12.7 33 15.2  3                        
061712080812106080クラウンテイラー　　　　　　　　　　 40.8  8.3-10.4  5.4 -1.1 19  0.0                           
061712080912101108トーセンメリッサ　　　　　　　　　　 19.5  4.4-10.4  3.1 -2.0 18  8.6                           
061712081012100619リヴゴーシュ　　　　　　　　　　　　  3.6  1.5 22.0 21.6 14.5 35  5.3  2                        
061712081112106003シゲルヒノクニ　　　　　　　　　　　  3.6  1.5  6.2 18.8  8.8 29 19.8C 2                        
061712081210102488ポールシッター　　　　　　　　　　　  5.3  1.8 13.1 23.5 12.5 33  0.0                           
061712090114103124ジュニエーブル　　　　　　　　　　　 19.6  3.9  0.8-16.7 -5.9 14  0.0  0                        
061712090214101578フラワープレミア　　　　　　　　　　 18.5  3.7  0.9  7.0  2.8 23  0.0  2                        
061712090314104310マイネルザウバア　　　　　　　　　　  5.0  1.6  6.0 -1.9  1.1 21 12.5                           
061712090414100534ウインガナドル　　　　　　　　　　　  7.8  2.1 13.1  6.3  6.2 26  7.2                           
061712090514106155ホウオウパフューム　　　　　　　　　  2.3  1.2 19.4 20.8 13.4 33 12.8                           
061712090614101627ミッシングリンク　　　　　　　　　　  9.2  2.4  6.0  8.8  5.0 25 26.4  0                        
061712090714105853アーザムブルー　　　　　　　　　　　  4.6  1.5  0.4 12.2  4.6 25  8.2                           
061712090814102163ゴールドスミス　　　　　　　　　　　  6.6  1.9  6.2  7.3  4.5 25  0.0                           
061712090914102906ウォーブル　　　　　　　　　　　　　 32.3  5.9-10.0 -9.1 -6.3 14  0.0                           
061712100109105863フジマサエンペラー　　　　　　　　　 20.8  4.3  1.4-12.0 -4.0 31  0.0                           
061712100212102741ケルンダッシュ　　　　　　　　　　　  9.1  2.4  9.9  7.6  5.8 41  0.0                           
061712100313109072ミライヘノツバサ　　　　　　　　　　  3.4  1.4 19.5  9.1  9.2 44 11.6                           
061712100412104798ポトマックリバー　　　　　　　　　　  9.1  2.4  5.2 -1.6  1.0 36  0.0                           
061712100511104056ペンタトニック　　　　　　　　　　　  6.8  2.0 10.1  7.6  5.8 41  9.6                           
061712100611104309ディスキーダンス　　　　　　　　　　  4.6  1.6  6.0 22.9 10.2 45 21.4                           
061712100712101422サラトガスピリット　　　　　　　　　  3.0  1.3 22.0 34.5 19.3 54 18.1                           
061712100811104718ウインオリアート　　　　　　　　　　 28.3  5.5-11.4-18.3-10.1 25  0.0                           
061712100910103873ロングシャドウ　　　　　　　　　　　 30.9  5.9-11.4-10.7 -7.3 28  0.0                           
061712101011104643ハツガツオ　　　　　　　　　　　　　 31.2  6.0 -3.5-10.9 -5.0 30  0.0  0                        
061712101111102576シップウ　　　　　　　　　　　　　　 49.5  9.1-10.4-12.6 -7.7 27  0.0  0                        
061712110112105612タムロミラクル　　　　　　　　　　　 18.9  4.6 -0.5 11.7  4.1 49  0.0                           
061712110213100690ピットボス　　　　　　　　　　　　　  3.8  1.6 21.8 25.2 15.8 61 18.1  2                        
061712110311102826フィールザスマート　　　　　　　　　 29.7  6.7 -5.3-11.8 -5.9 39  0.0                           
061712110412110043ドリームキラリ　　　　　　　　　　　 16.5  4.1  7.2 10.0  5.8 51  0.0  5                        
061712110512104019センチュリオン　　　　　　　　　　　  5.5  1.9 13.2 17.8 10.5 55  6.8                           
061712110611102556メイショウスミトモ　　　　　　　　　 17.7  4.3  7.5  3.4  3.5 48  0.0                           
061712110709102606サンマルデューク　　　　　　　　　　 14.4  3.6  3.5  6.8  3.5 49  0.0                           
061712110812103502バスタータイプ　　　　　　　　　　　  4.5  1.7 15.5 12.7  9.3 54 11.6                           
061712110913103885ポッドガイ　　　　　　　　　　　　　 76.6 15.8-11.4-11.7 -7.7 37  0.0                           
061712111013103288ビービーバーレル　　　　　　　　　　 24.2  5.6 -9.1 -0.5 -2.9 42  9.6                           
061712111111105545フォローハート　　　　　　　　　　　 44.6  9.7-12.5-10.1 -7.5 38  0.0                           
061712111212105567タマノブリュネット　　　　　　　　　  8.7  2.7  9.5  7.9  5.7 51  0.0                           
061712111310104486ブライトアイディア　　　　　　　　　 25.4  5.8-12.5 -8.3 -6.8 38 14.4C                          
061712111410104029ジェベルムーサ　　　　　　　　　　　  5.3  1.9 12.5  4.7  5.5 50  8.9                           
061712120112104196スターファセット　　　　　　　　　　 10.6  2.7 10.0 13.8  8.1 28 10.3                           
061712120212104616シリーシンフォニー　　　　　　　　　 44.5  9.2-10.0-12.4 -7.5 12  0.0                           
061712120312102678オルティラアスール　　　　　　　　　124.3 23.9-13.5-12.4 -8.6 11  0.0                           
061712120413100629リンクス　　　　　　　　　　　　　　  4.9  1.8 15.7 14.6 10.1 30  8.2                           
061712120513100615ルネイション　　　　　　　　　　　　  3.0  1.5 15.2 17.7 11.1 31 10.6                           
061712120611105225マイネルシェルト　　　　　　　　　　 78.6 15.3-11.4 -9.1 -6.8 13  0.0                           
061712120713104904シャイニングアロー　　　　　　　　　 44.7  9.2 20.0-12.9  1.3 21  0.0  0                        
061712120812103917ホザンナ　　　　　　　　　　　　　　 63.5 12.5-10.0-16.6 -9.1 11  0.0  0                        
061712120913105743ルノートル　　　　　　　　　　　　　 24.9  5.4 -9.0-13.7 -7.7 12  0.0                           
061712121012102070コスモヨハネ　　　　　　　　　　　　 13.9  3.4  7.7 12.7  7.0 27  8.7  5                        
061712121113104446ハリウッドクイーン　　　　　　　　　 22.7  5.0 -3.0 14.4  4.4 24  0.0                           
061712121212104277スクエアゴールド　　　　　　　　　　 11.9  3.0-10.0  9.1  0.3 20  0.0                           
061712121312102498ニシノカブケ　　　　　　　　　　　　  7.1  2.2  6.0 14.7  7.2 27 12.5  5                        
061712121412104056ウェルブレッド　　　　　　　　　　　  8.6  2.5  3.5 28.6 11.5 32  0.0  2                        
061712121512104139ウイングチップ　　　　　　　　　　　 11.0  2.8  5.7 14.1  6.9 27  7.7                           
061712121613103646クインズサン　　　　　　　　　　　　 24.0  5.3 -9.8  3.9 -1.5 18 13.7A 3                        
081712010114101030アナザ　　　　　　　　　　　　　　　 24.7  4.8-11.7-11.2 -7.7 -3  0.0                           
081712010214105214ドナル　　　　　　　　　　　　　　　 69.6 12.0-11.1-14.2 -8.3 -3  0.0                           
081712010314106158ゼルビーノ　　　　　　　　　　　　　 25.9  5.0 -2.6  5.7  0.8  6  8.8                           
081712010414102096メイショウナンプウ　　　　　　　　　 17.2  3.6  4.2 -2.9  0.7  6 10.2                           
081712010514103467バイオネッタ　　　　　　　　　　　　 53.6  9.6-11.1-11.1 -7.4 -2  0.0                           
081712010614105365エジステンツァ　　　　　　　　　　　 17.3  3.6 -6.9 -3.6 -3.6  1  0.0                           
081712010714102042カシノスターダスト　　　　　　　　　 52.0  9.4-11.1-10.5 -7.2 -2  0.0                           
081712010814106021マンボスカイ　　　　　　　　　　　　  8.5  2.3  7.5  6.2  4.6 10 10.8                           
081712010914100508アルムチャレンジ　　　　　　　　　　  2.6  1.3 18.5 26.2 14.6 20 15.8                           
081712011014102391タカノイダテン　　　　　　　　　　　 22.4  4.4 -2.5-11.6 -4.4  1 11.4                           
081712011114104459リムーブザリミット　　　　　　　　　 17.0  3.6 -5.9 -2.0 -2.8  2  0.0                           
081712011214105301カミッテル　　　　　　　　　　　　　  8.9  2.4 -1.4 -5.6 -2.2  3  0.0                           
081712011314102975デンコウアリオン　　　　　　　　　　 50.3  9.1 -6.5-13.2 -6.3 -1  0.0                           
081712011414105399テンペスト　　　　　　　　　　　　　 34.3  6.4 -4.3-10.6 -4.8  0 10.8                           
081712011514104139ブルックリンソウル　　　　　　　　　 13.3  2.9 -4.7 11.3  1.7  7  7.4  4                        
081712011614109047カフジグローリー　　　　　　　　　　  4.0  1.6 18.8  7.0  9.0 14 11.8                           
081712020114103034スーサンゴー　　　　　　　　　　　　  5.4  1.7 11.7 17.1  9.4 14 18.2  2                        
081712020214106503ティーティクイーン　　　　　　　　　 53.2 10.0 -7.7-10.5 -6.0 -1  0.0                           
081712020314103175スマートアムール　　　　　　　　　　  4.5  1.6 13.8 11.9  8.6 14 13.1                           
081712020414104976ネオレジェンド　　　　　　　　　　　 11.0  2.6 12.0 10.9  7.7 13  5.1                           
081712020514103461フレッチャペガサス　　　　　　　　　 72.4 13.0-11.7-10.5 -7.4 -2  0.0                           
081712020614103334プラトヤヤ　　　　　　　　　　　　　 53.0  9.9 -8.5-10.2 -6.2 -1  0.0                           
081712020714100502タガノカピート　　　　　　　　　　　  6.0  1.9  8.3 17.1  8.2 13  0.0                           
081712020814104048メイショウヒボタン　　　　　　　　　 41.6  7.9 -7.9 -9.5 -5.7 -1  0.0                           
081712020914104514クインズオレンジ　　　　　　　　　　 23.2  4.7 -5.2 -9.9 -4.9  0  8.8                           
081712021014104350ヤマカツバーバラ　　　　　　　　　　 18.6  4.0  8.3 -5.5  1.4  6 10.2                           
081712021114101004ミュルミューレ　　　　　　　　　　　 70.8 12.7-11.1 -7.0 -6.2 -1  0.0                           
081712021214106027ウィッシュノート　　　　　　　　　　 30.0  5.9 -5.2 21.0  4.4  9  0.0                           
081712021314103675マヤアムール　　　　　　　　　　　　 83.8 14.9-12.9-14.7 -9.1 -4  0.0                           
081712021414105321ソリティアリング　　　　　　　　　　 18.4  3.9-11.1-11.2 -7.4 -2  7.8                           
081712021514104739グアナファト　　　　　　　　　　　　 59.9 10.8-11.1-14.0 -8.3 -3  0.0                           
081712021614104589タマモコーラス　　　　　　　　　　　  2.6  1.3 17.4 17.2 11.5 17 15.8                           
081712030114104526ニホンピロハニー　　　　　　　　　　 14.1  3.5 -4.4 -6.1 -3.4 -3  7.8  0                        
081712030214100173エイトクレイン　　　　　　　　　　　 29.3  6.5 -5.4 -6.8 -4.0 -4 22.9                           
081712030314102431デルマハワイコウロ　　　　　　　　　 59.6 12.1 -6.0 -8.3 -4.7 -5  0.0  0                        
081712030414103691スペシャルホース　　　　　　　　　　 14.7  3.6  4.1  2.6  2.3  2  6.5                           
081712030514103215サザンブリーズ　　　　　　　　　　　  5.0  1.8  9.3 13.3  7.4  7 13.1                           
081712030614105892ダノンロッソ　　　　　　　　　　　　  3.3  1.5 16.6 20.5 12.2 12  5.4                           
081712030714100784テイエムブギウギ　　　　　　　　　　 78.8 15.8-11.7-14.8 -8.7 -9  0.0  0                        
081712030814105208ビップハーデス　　　　　　　　　　　 14.5  3.6-11.1 -7.0 -6.2 -6  7.1                           
081712030914104938ナムライーサン　　　　　　　　　　　 27.7  6.1-11.7 -6.4 -6.2 -6  0.0                           
081712031014105720コンプリートベスト　　　　　　　　　  6.3  2.1  2.4  8.1  3.3  3  6.4  5                        
081712031114103729オモイサイフ　　　　　　　　　　　　 48.6 10.3-11.7-14.5 -8.6 -9  0.0                           
081712031214104516サンマルエンパイア　　　　　　　　　 46.4  9.8-11.7-14.7 -8.7 -9  0.0                           
081712031314103635ウォーターマーズ　　　　　　　　　　 30.2  6.6 -6.8-14.5 -6.8 -7  0.0  0                        
081712031414104238リセンティート　　　　　　　　　　　 12.0  3.1 11.6 10.2  7.3  7  9.0                           
081712031514104726マイフォルテ　　　　　　　　　　　　 14.6  3.6  2.9 -9.4 -1.8 -2  8.8                           
081712031614102910ミスターフウジン　　　　　　　　　　  7.1  2.3 -0.9 -1.8 -0.9 -1  4.8                           
081712040110102640サトノユニコーン　　　　　　　　　　  3.6  1.5  9.9 11.9  7.2 27  5.9                           
081712040213110102クールゼファー　　　　　　　　　　　  3.5  1.5 15.1 40.0 17.5 38 17.4                           
081712040312105220ペプチドアルマ　　　　　　　　　　　 24.8  5.2 -4.9 -5.6 -3.5 17  0.0                           
081712040412106435カシノランド　　　　　　　　　　　　 40.4  8.1 -7.6 -7.0 -4.9 15  0.0                           
081712040513105236ダノンメモリー　　　　　　　　　　　  6.4  2.0 10.4 13.1  7.7 28 13.7                           
081712040612103185ヒラボクテイオー　　　　　　　　　　  6.8  2.1 12.7  6.2  6.5 27 16.3                           
081712040712100657ヨドノナイト　　　　　　　　　　　　 46.2  9.2 -4.7-11.2 -5.1 15 12.6                           
081712040813103301ゴットロマーネ　　　　　　　　　　　 62.2 11.8 -7.9-14.8 -7.3 13  0.0  0                        
081712040913104185ケンブリッジヌーサ　　　　　　　　　101.0 18.8-11.1-12.8 -7.9 12  0.0  0                        
081712041012102651ワンダーオマージュ　　　　　　　　　 95.2 17.8-11.7-10.5 -7.4 13  0.0                           
081712041112101809バイオレットフィズ　　　　　　　　　 65.2 12.4-10.8 -6.8 -6.0 14  0.0                           
081712041212103457メイショウマサカゼ　　　　　　　　　 53.3 10.5-11.7-13.2 -8.3 12  0.0                           
081712041312101643イサチルホープ　　　　　　　　　　　  4.9  1.7 14.8 11.2  8.8 29  0.0                           
081712041412105787ワンダーヴァローレ　　　　　　　　　 45.1  9.0-11.7 -6.7 -6.3 14  0.0                           
081712041511102912ピースマーク　　　　　　　　　　　　 11.8  2.9  5.2 12.1  5.5 26 17.7                           
081712041613101817クライシス　　　　　　　　　　　　　 40.6  8.2-11.7 -1.9 -4.9 15  0.0                           
081712050114100489タガノアルーア　　　　　　　　　　　 84.6 11.7-11.1 -9.4 -6.9 -2  0.0                           
081712050214100127テイエムグルービー　　　　　　　　　 28.2  4.5 -2.1 24.0  6.4 11  0.0  3                        
081712050314103143ハヤブサピクシー　　　　　　　　　　 39.3  6.0 -7.8 -2.7 -3.7  1  0.0                           
081712050414101588シャイニーピース　　　　　　　　　　 41.4  6.2 -6.1 -5.5 -3.9  1  0.0                           
081712050514106052カラル　　　　　　　　　　　　　　　 52.3  7.7-11.1-13.5 -8.1 -3  0.0  0                        
081712050614102643レーヴムッシュー　　　　　　　　　　 53.2  7.8-11.7-11.6 -7.8 -3  0.0                           
081712050714101649ウインベラシアス　　　　　　　　　　 50.1  7.4 -8.5 -9.5 -6.0 -1 13.2                           
081712050814104817ダノンオブザイヤー　　　　　　　　　  3.7  1.4 18.2 17.6 12.0 17 19.0                           
081712050914101680カンナ　　　　　　　　　　　　　　　 30.3  4.7 -3.3-14.0 -5.4  0  0.0                           
081712051014105312サンジェルヴェ　　　　　　　　　　　 16.8  3.0 -5.2  8.5  0.6  6  0.0                           
081712051114104329メイショウカミシマ　　　　　　　　　 48.3  7.2 -5.7-12.8 -5.9 -1  0.0                           
081712051214100407ブラックカード　　　　　　　　　　　 18.2  3.2  3.0-16.6 -3.9  1 11.0  0                        
081712051314106360ナムラマル　　　　　　　　　　　　　  2.0  1.2 20.1 23.4 14.4 19 17.4                           
081712051414105627ブラックスビーチ　　　　　　　　　　  7.8  1.9  7.7 11.2  6.2 11  6.4                           
081712051514101164ベアスピード　　　　　　　　　　　　 67.2  9.5-11.7-11.3 -7.7 -3  0.0                           
081712051614100498タガノヴァン　　　　　　　　　　　　 10.8  2.1 10.7-10.6  0.7  6 12.7                           
081712060114105277タンタグローリア　　　　　　　　　　  2.3  1.2 19.0 21.3 13.4 13 17.4                           
081712060214103331ワタガシ　　　　　　　　　　　　　　 14.9  3.0 -0.6 -7.7 -2.5 -3  0.0                           
081712060314104080サツキシラユリ　　　　　　　　　　　 49.1  8.2-11.1 -6.6 -6.1 -6  0.0  0                        
081712060414102682アオイサンライズ　　　　　　　　　　 24.8  4.5 -2.6 -0.7 -1.2 -1  0.0                           
081712060514102151キャンディストーム　　　　　　　　　 15.0  3.0  7.2  1.9  3.2  3  0.0                           
081712060614105881キスイン　　　　　　　　　　　　　　 29.4  5.2 -3.2 -3.3 -2.2 -2  0.0                           
081712060714102930ワールドフォーラブ　　　　　　　　　  3.8  1.4 16.3 16.4 10.9 11 10.0                           
081712060814106128ラーゴブルー　　　　　　　　　　　　  5.7  1.7 15.0 15.5 10.1 10 14.2                           
081712060914103529メイショウミハル　　　　　　　　　　 34.1  5.9 -6.0-12.2 -5.9 -6 10.3                           
081712061014105847レクセル　　　　　　　　　　　　　　 37.1  6.4-11.7 -6.7 -6.3 -6 10.8  0                        
081712061114106000チャカレーラ　　　　　　　　　　　　 14.2  2.9  7.6  8.7  5.4  5 10.7                           
081712061214101468ラーケン　　　　　　　　　　　　　　 71.1 11.3-11.7-11.6 -7.8 -8  0.0                           
081712061314101198エイシンルックス　　　　　　　　　　 31.2  5.5 -8.9-11.3 -6.7 -7  0.0                           
081712061414103087ピエナトビーズ　　　　　　　　　　　 80.8 12.8-10.8 -6.7 -6.0 -6 15.0                           
081712061514103217エフヨンエフ　　　　　　　　　　　　 23.1  4.2 -7.1 -2.3 -3.3 -3  0.0                           
081712061614101759メメシャルドネ　　　　　　　　　　　107.1 16.7 -8.5-14.2 -7.4 -7  0.0                           
081712070113109025ストライクイーグル　　　　　　　　　  2.2  1.2 20.6 18.7 13.2 33 17.4                           
081712070213104330カフジデンジャー　　　　　　　　　　 55.9  7.7 -5.1-11.2 -5.2 15 20.0                           
081712070313106365ミスターウインディ　　　　　　　　　 17.7  3.0 -1.9  4.0  0.5 21  0.0                           
081712070413103900コパノアラジン　　　　　　　　　　　 17.6  3.0  0.1  7.0  2.1 22  0.0                           
081712070513102978ローデルバーン　　　　　　　　　　　 27.6  4.3  6.9  1.9  3.1 23 10.8                           
081712070613106258アドマイヤデライト　　　　　　　　　 18.0  3.1 -5.2-16.8 -6.9 13  5.5  0                        
081712070713105737レッドジェイド　　　　　　　　　　　 51.8  7.4 -5.8 -9.5 -5.0 15  0.0                           
081712070812106436メイショウヤギリ　　　　　　　　　　 29.6  4.5  1.1 22.0  7.0 27  0.0                           
081712070912104426ミスティーフリップ　　　　　　　　　  2.8  1.3 16.0 18.9 11.5 32 10.9                           
081712071012100308アースシンフォニー　　　　　　　　　  9.0  2.0 10.7 14.1  8.2 28  7.8  4                        
081712071113100999エイム　　　　　　　　　　　　　　　 43.9  6.4 -7.9-11.5 -6.3 14  0.0                           
081712071213105732モンストルコント　　　　　　　　　　 47.7  6.9-11.7-13.2 -8.3 12 10.8                           
081712071313101398カタヨクノテンシ　　　　　　　　　　 69.5  9.4-11.7-13.0 -8.2 12 12.7  0                        
081712071413100779ディスピュート　　　　　　　　　　　 65.0  8.9 -7.8-10.5 -6.0 14  0.0                           
081712071512100841スターペスカンタ　　　　　　　　　　 38.0  5.6 -2.7 -5.5 -2.6 17  0.0                           
081712071613100930ゴールドファーム　　　　　　　　　　 19.3  3.2 -1.6 -5.9 -2.4 18  0.0                           
081712080110101475サンライズトーク　　　　　　　　　　 42.5  9.1  4.2 -2.5  0.8 31  7.9                           
081712080211110096メンカウラー　　　　　　　　　　　　 89.2 17.9-11.1-12.8 -7.9 22  0.0  0                        
081712080312106005シゲルノマオイ　　　　　　　　　　　 19.3  4.6 -0.9-20.0 -6.3 24 10.8  0                        
081712080410100531ナリタロック　　　　　　　　　　　　 86.0 17.3-11.1-12.8 -7.9 22  0.0                           
081712080513101836ジェントルハート　　　　　　　　　　 58.1 11.9-11.1-13.5 -8.1 22  0.0  0                        
081712080610104123マズルファイヤー　　　　　　　　　　  9.0  2.7 -8.5 -4.6 -4.5 26  0.0                           
081712080712106375ヨウライフク　　　　　　　　　　　　 40.4  8.7 -6.3  4.0 -1.1 29  0.0                           
081712080812105839キャプテンシップ　　　　　　　　　　  7.2  2.3  9.6  7.0  5.6 36  7.3                           
081712080913103901コパノリスボン　　　　　　　　　　　  5.1  1.8  8.8 25.0 10.7 41  5.9                           
081712081012102641サーティグランド　　　　　　　　　　 18.0  4.3 -0.5 -3.4 -1.2 29 16.0  0                        
081712081111100511ティップトップ　　　　　　　　　　　 25.6  5.7 -5.2 -0.4 -2.0 28  8.0                           
081712081211106567テーオーソルジャー　　　　　　　　　  6.2  2.1  9.1 19.4  9.2 39 15.3                           
081712081312100100アイファーサラオー　　　　　　　　　 39.6  8.5 -8.5 -5.1 -4.6 25  0.0                           
081712081412101842バーサーカー　　　　　　　　　　　　 40.9  8.8-11.1 -1.3 -4.5 26  0.0                           
081712081513110043ゼンノサーベイヤー　　　　　　　　　  3.3  1.5 20.5  4.6  8.9 39  5.4                           
081712081612110028ウォリアーズソウル　　　　　　　　　  5.9  2.0  5.8  4.0  3.3 33 12.7                           
081712090114103795ワンダープチュック　　　　　　　　　  6.5  1.9  9.2 17.3  8.6 29  7.8  1  173   41              
081712090214105836ダノンキングダム　　　　　　　　　　  6.8  2.0 10.4  6.3  5.7 26  4.8                           
081712090314109171サルサディオーネ　　　　　　　　　　 36.8  7.0 -8.5-10.8 -6.4 14  0.0                           
081712090414105427エアウィンザー　　　　　　　　　　　  2.4  1.3 19.4 23.8 14.3 34 17.4                           
081712090514105923サトノリュウガ　　　　　　　　　　　 11.1  2.6  1.6  7.0  2.7 23 16.7                           
081712090614106185モーヴサファイア　　　　　　　　　　  7.6  2.2 12.6-14.7  0.2 20 21.0                           
081712090714103864プリンセスルーラー　　　　　　　　　  8.1  2.2  4.1 22.6  8.3 28 15.1                           
081712090814104022ディープウォーリア　　　　　　　　　 11.8  2.7  1.6  5.9  2.4 22  0.0  0                        
081712090914104273プラチナムバレット　　　　　　　　　  5.2  1.7 12.1 15.4  9.1 29  0.0  4                        
081712100112110058テーオーヘリオス　　　　　　　　　　  3.2  1.5 14.9 33.5 15.5 51 15.4  1  191   43              
081712100210103248メイショウアイアン　　　　　　　　　 40.4  8.7 -4.6-15.1 -6.2 29 11.4                           
081712100310102514コスタアレグレ　　　　　　　　　　　 61.3 12.5-11.1-20.0-10.1 25  0.0                           
081712100413105340ダノンフェイス　　　　　　　　　　　  6.0  2.0  7.4 12.7  6.5 42  6.4                           
081712100510105872ランドマーキュリー　　　　　　　　　 59.2 12.1-11.1-19.7-10.0 25  0.0  0                        
081712100611104855サウススターマン　　　　　　　　　　  8.0  2.4 11.3 15.8  8.9 44  7.3                           
081712100709105421エリアコンプリート　　　　　　　　　 52.0 11.0-11.1-11.2 -7.4 28  0.0                           
081712100812101018アルタイル　　　　　　　　　　　　　 13.0  3.3 -9.7 -3.9 -4.7 30 10.8                           
081712100910102569ゴーインググレート　　　　　　　　　 41.1  8.8-11.7 -3.6 -5.4 30  0.0  0                        
081712101012110070エイシンバランサー　　　　　　　　　 10.9  2.9 -0.3  5.7  1.6 37  5.5                           
081712101111105914サングラス　　　　　　　　　　　　　 52.0 11.0 -7.5 -7.9 -5.1 30  0.0                           
081712101212102845ラブミークン　　　　　　　　　　　　 64.1 13.0-10.8-11.6 -7.4 28 15.6                           
081712101313102856ブラックジョー　　　　　　　　　　　 11.0  2.9  0.8-19.7 -5.6 29  0.0  0                        
081712101412102649キタサンサジン　　　　　　　　　　　  7.2  2.3 12.3 10.1  7.5 43  4.8  5                        
081712101513104699コウエイエンブレム　　　　　　　　　  5.3  1.9 10.9 13.3  8.0 43 11.8C                          
081712101611101542コウエイタケル　　　　　　　　　　　 48.9 10.4 -9.4  6.7 -1.4 34  0.0                           
081712110109102663サドンストーム　　　　　　　　　　　 44.7  8.2 -8.5  6.7 -1.1 44  0.0                           
081712110211104682ローレルベローチェ　　　　　　　　　  9.4  2.5 14.3 15.5  9.9 55  0.0  3                        
081712110309104505ヤサカオディール　　　　　　　　　　178.3 29.9 -9.7-10.3 -6.6 38  0.0                           
081712110411104627ヒルノデイバロー　　　　　　　　　　 12.8  2.9  7.5-11.6 -0.7 44 17.4                           
081712110511110003トータルヒート　　　　　　　　　　　 12.0  2.7 -1.2  3.4  0.6 46  0.0                           
081712110611102579ラインスピリット　　　　　　　　　　 56.7 10.0 -5.3 -1.4 -2.4 43  0.0                           
081712110710104985アットウィル　　　　　　　　　　　　 25.9  5.0 -3.7 -5.3 -2.9 42  0.0                           
081712110811104950オウノミチ　　　　　　　　　　　　　 22.7  4.5 -7.8-13.5 -6.9 38  0.0  0                        
081712110910109140シンボリディスコ　　　　　　　　　　 40.8  7.5 -9.7 -7.9 -5.9 39  7.5                           
081712111011103175ホッコーサラスター　　　　　　　　　 33.8  6.4 -6.0 -6.8 -4.2 41 19.8                           
081712111113104230セイウンコウセイ　　　　　　　　　　 18.4  3.8  5.8 -4.3  0.8 46  0.0                           
081712111212101184セカンドテーブル　　　　　　　　　　  3.4  1.4 18.5 17.9 12.2 57 16.8  5                        
081712111312103249トウショウピスト　　　　　　　　　　  6.8  2.0  4.8 18.9  7.4 52  0.0                           
081712111412100600ジャストドゥイング　　　　　　　　　 21.7  4.3 -2.6 -2.0 -1.6 43  8.8  0                        
081712111512105252フミノムーン　　　　　　　　　　　　  2.9  1.4 18.6 16.7 11.8 57 17.4                           
081712111613104026ラズールリッキー　　　　　　　　　　 92.9 15.9 -9.7-10.3 -6.6 38  0.0                           
081712120110101884デンコウリキ　　　　　　　　　　　　 45.8 10.6-11.1-14.7 -8.5 22  0.0                           
081712120213105471ナイトオブナイツ　　　　　　　　　　  5.3  2.0 15.5 10.9  9.0 39 15.0 1                         
081712120312104509アドマイヤスカイ　　　　　　　　　　 14.5  3.9-11.1 10.1 -1.0 29  0.0  5                        
081712120413102427サンライズクロンヌ　　　　　　　　　  6.9  2.4  0.9 -0.4  0.2 30  0.0  5                        
081712120511103929スペシャルギフト　　　　　　　　　　 29.0  7.0  0.8 -5.2 -1.3 29  0.0                           
081712120612104981サンレイルージュ　　　　　　　　　　101.3 22.1 -7.0 -2.8 -3.4 27 15.6                           
081712120712102773ヤマカツボーイ　　　　　　　　　　　 17.0  4.4  4.6-12.2 -2.0 28  0.0                           
081712120812100740マイネルネーベル　　　　　　　　　　 20.9  5.3  0.3-10.6 -3.1 27  0.0                           
081712120913105479フォールインラブ　　　　　　　　　　  5.8  2.1  0.0 10.2  3.1 33 12.7                           
081712121012102026サウンドアプローズ　　　　　　　　　  8.5  2.8  6.0-11.3 -1.2 29  9.6                           
081712121112100529タガノカムイ　　　　　　　　　　　　 19.2  4.9 -8.5 15.8  1.6 32  9.3                           
081712121213110031マディディ　　　　　　　　　　　　　 51.0 11.8-11.7-11.1 -7.6 22  0.0  0                        
081712121310103767シルヴァーグレイス　　　　　　　　　 32.5  7.7-11.1-14.0 -8.3 22  0.0                           
081712121410101161サイモンラムセス　　　　　　　　　　 27.2  6.6  0.9 16.8  5.4 35  7.2  4                        
081712121513105919エルビッシュ　　　　　　　　　　　　  7.8  2.6 -2.0  4.2  0.5 31 16.4                           
081712121612102467ジョーアラタ　　　　　　　　　　　　  4.4  1.8 13.8  2.7  5.9 36  5.4                           
