06171301122108118127130126                                                                                                                                                                    (*1,3,5)13(4,8)(7,15)(9,14,16)10,11-6-(2,12)                    1(3,5)13(4,15)7(9,16)(14,11)10(8,6)(2,12)                                                                                                               
06171302129118128132131131131137141                           (10,*16)-(3,6)-(1,12,13)-(7,14)8,2,4,15(11,9)5                  16(10,3,6)13,1-12,14,7-8(2,4)-15(11,9)5                         (*16,10,3)(6,13)(1,12)(14,9)(7,4,5)8(11,2,15)                   (10,*3)16,13(9,5)(1,12)4(7,6)14(11,8)15,2                                                                                                               
06171303131124137138132128126129138                           4,5,11(1,7)(3,15)-12,14,8,10,9,13-6,2                           4,5(1,7,11)(3,15)-12(8,14)(9,10)-13-6-2                         (*4,5,11)15(7,10)13(3,12,2)6,14(1,9)8                           (*4,5,11)15(7,10)13,3,12(9,6,2)14=8-1                                                                                                                   
06171304123111121124126134                                                                                                                                                                    (*5,13)(10,6)9-8,12(7,3)2-(1,14)11=4                            5(13,10,6)-9-8-(7,3)12(2,14)-1-11=4                                                                                                                     
06171305125114125126126125124122119123121                     (*5,16)10(1,12)8,9,7(13,15)-6,14-3,11(4,2)                      (*5,16)10,1,12,8(7,9)(13,15)6,14-3-(11,2)4                      5,8(10,16,9)(1,12,15,3)13(7,14)(6,2)11,4                        (5,10,*8,3)(9,15)(13,7)(12,14)(6,2)1-(4,11)16                                                                                                           
06171306130111136122128125123122121118                        2,5(4,7,9)(6,15)10-(3,14)-(13,12)11(1,8)                        2,5-7(4,9)(10,6)15(3,14)-(13,12)-(1,11)8                        (*2,5,7)9,4(15,14)(10,6)(3,12,8)13,11-1                         (*2,5,7,9)4,15(10,14)8,13(6,12,11)3-1                                                                                                                   
06171307132129133132123125127123131                           12(15,9)(4,6)(1,7,13)(5,11)(3,8)14(2,10)                        12(15,9)4(6,7)(1,5,13)(3,8,11)(10,14)2                          12(15,9)7(4,6)(1,5)(11,13)8(3,14)(2,10)                         (*12,9)15(6,7)(4,5)1,11(8,13)(3,14)(2,10)                                                                                                               
06171308117107114123124138                                                                                                                                                                    4(1,3)2,9(7,14)15(6,8)10,5,11(12,13,16)                         4,3,2(1,14,15)(7,9)6(5,10)(8,11)13(12,16)                                                                                                               
06171309129118128125136133133127126131135143                  2-13,14(3,8,15)-(9,11)(4,6,12)5-1-7-(10,16)                     2-13,14(3,8,15)-(9,11)(4,6,12)5-1-7,16,10                       2,13(3,8,14,12)(6,9)(5,11)(4,15)1(7,16)-10                      2-13-(8,12)(3,6)(9,5,16)(4,14,7)-(15,11)(10,1)                                                                                                          
06171310120110114114113118                                                                                                                                                                    7(8,13)1(4,11,14)(5,12,16)(6,9,15)(10,3)-2                      7(8,13)(1,4,11,14)(6,5,12)(9,15,16)3,10-2                                                                                                               
06171311125110112114119124120123                                                                                              2(3,9)12,4(6,13,14,15)5(8,16)(1,10)7,11                         2-3,9,12(4,6)(5,13,14)(15,16)8(1,7)-11-10                       2,3(9,12,6)4(13,14,15)5(8,1,16)7,11,10                                                                                                                  
06171312129108134126128120115119120124                        1,14(7,9)(3,8)4(5,10)(6,12)11-15,16-2,13                        1,14(7,9)(3,8)4(5,10)12,6,11-15,16,2-13                         (*1,14)9(7,4,12)8-(3,10,11)(5,6)15,16-2,13                      (1,*14,9)(7,8,4)(11,12,15)(10,6,16)5,13(3,2)                                                                                                            
08171301126116132134133133132129127                           1(2,9)-4,5,8,10(3,13)16,11,6(12,15)-14-7                        1,2(5,9)4(3,8)10(13,16)6,11(12,15)-14-7                         1,2(5,9)(4,10)(3,8,12)16(13,11,15,14)6,7                        1,2(5,4)(9,10)(3,8)(16,15)11(13,14)(6,12)7                                                                                                              
08171302125114120124125131                                                                                                                                                                    10,16,8(5,1)9,12(3,7)2,4,13(11,6)-15-14                         (*10,16)-8(5,1)-12(2,3,9,7)-(11,13,4,6)-15-14                                                                                                           
08171303121110118126129126130                                                                                                                                                                 (*4,10,12)(3,6,14)(7,16,11,13)-15,9(2,8)(1,5)                   (*4,10,12)13(3,6)14(7,16,11)(9,15)(1,2,8,5)                                                                                                             
08171304                                                      12=1(8,3)4,2,5,6,11-9=7=10                                      12=8(1,3)-4-2-5-6,11-9,7=10                                     12-(1,8)-(4,2)-5,6-3=11-9=7=10                                  12-1(4,8)2-(5,6)=11,3-9=7=10                                                                                                                            
08171305126107113121121124121125                                                                                                                                                              2-11,3,15,4(6,16)(10,12)(13,5)9-(1,14)-7                        2(3,11)15(4,6,16)5(10,12,13)9(1,14)-7                                                                                                                   
08171306124112118122121125                                                                                                                                                                    4,10(12,16)(2,3,5)11,14(1,8)-6(9,15,13)-7                       4(10,12)2(3,16)(1,5)(8,11)(6,14)9,15-(7,13)                                                                                                             
08171307123116125124128126129132132                           (*2,7)(1,10,13)(4,11)6(9,15)3,14(5,8)12-16                      (*2,7)-(1,10)13,4(6,11)(9,15)3(14,5)(12,8)16                    (*2,7)(10,16)13,4(1,6)11,3(9,15)8(14,5,12)                      (*2,7)(10,16)(6,13)(4,11)3(9,15,8)(14,12)-(1,5)                                                                                                         
08171308124115121125128121122120123                                                                                                                                                           2-12,7(5,15)14(16,11)(8,13)9,4(10,6)(3,1)                       2-12,7,15,5(8,14)11(10,13)(4,16)(3,1)6,9                                                                                                                
08171309072115121133128125124120125128                        9-5-(8,6)-7-(1,2)(3,10)-11,4-12                                 9,5(8,6)-7-1,2,3,10-11-4,12                                     (*9,5,6)-(8,2)(7,1,3)-(11,4,10)-12                              (5,*6)9,2(8,1,3)-7-4(11,10)12                                                                                                                           
08171310127116134127124128122116119123                        5,8,4,10(1,9)(2,6)3                                             5-8(4,10)(1,9)(2,6)3                                            5,8(4,10)(9,6)1(2,3)                                            5,10(4,8)(1,9,6)(2,3)                                                                                                                                   
08171311121110114126124128127126                                                                                                                                                              3,6(2,8)(7,10)(1,5,12)(4,14)(11,13,15)-9                        3(2,6)8(7,10)5(1,11,12,14)(9,4,13,15)                                                                                                                   
08171312127113129128127128128123128125126                     1,6-(2,3)(4,7,8)-(5,10)9=11                                     1,6(2,3)7(4,8)(5,10)-9-11                                       (*1,6)-3,2,7(4,10,9)(5,8)=11                                    (1,*6)-3(2,7,9)(4,10)5,8-11                                                                                                                             
