06171101117106117129127135                                                                                                                                                                    1,2(10,11)(5,3,13)(4,15)16-7-(6,12)-(8,9)=14                    1(5,2,11)(3,10)(13,15)4(16,7)-(6,12)(8,9)=14                                                                                                            
06171102130126132134129131129131140                           (*14,16,15)13,7(2,9)3,8(1,5,12)11,6-4                           14(16,15)(7,13)(2,9)-3(8,12)1(5,11)-6=4                         (*14,16,15)13(7,2)12(3,9,6)(1,5,11,8)-4                         (*14,16)(15,13)(7,2,3)(12,6)(1,11)-(5,9)4,8                                                                                                             
06171103128122137139128126133135138                           8,16,10,15-13-(9,7)(11,3)-(6,1)-4,2-14-5,12                     (*8,16)10,15,13-(9,7)3,11,1,6,4-2-14-5-12                       (*8,16)10,13(3,4)(15,7)1-9-6(11,2)-(14,5)-12                    (*8,16,4)10,13(15,3)-(9,7)1-(14,2)(6,5)-11=12                                                                                                           
06171104118105114122128139                                                                                                                                                                    11,4,10,14(6,13)1(8,15)7,16,3,9-2-12-5                          11,4,10(1,14)13,15(6,7,16)8-(3,9)-(2,12)-5                                                                                                              
06171105128116136126127120119120119125                        (*1,4)11(2,14)(5,15)(6,9)10,12(8,7)-16,13,3                     1,4,11(2,14)5(6,9,15)12(8,10)7(16,13)3                          1(4,11,14)(2,5,15)(6,12,9)(8,10)(7,13)16,3                      (*1,4)(11,14)5(12,15,10)(2,6,9)8(7,13)16=3                                                                                                              
06171106127123135136131120125129134                           1,5(4,11)(8,10,13)(12,16)(6,3,14)9,2(15,7)                      1,5-(4,11)(8,10,13)(12,16)(6,3,14)(9,2)(15,7)                   (*1,5)11(13,7)(4,12,16,14,2)8(10,6,3)9-15                       (1,*5)(4,11)8,13(12,7)(10,16)(6,14,2)(9,3)-15                                                                                                           
06171107126119127128124121124120119121124                     16-12(7,13)(6,11)15,5,9(4,10)(2,8)3,1,14                        16-12(7,13)(6,11)(5,15,9)(4,10)(2,8)3-(1,14)                    16(12,7)13(5,6,11,9,8)(4,15,2,10)3(1,14)                        16(7,13)(12,6,11,9,8)5(4,2,10)3(1,15,14)                                                                                                                
06171108129120129132126126130132131                           (*2,6)9,15,11,12(7,8)14-(3,10)(4,5)-(1,16)-13                   2(6,9)(11,15)(7,8)12,14(3,10)(4,5)=(1,16)-13                    (*2,6,9)15(8,12)(11,14,4)(7,10)5,3,16,1-13                      2(6,9)(8,15)(14,4,12)(7,10)(11,1,16,5)3-13                                                                                                              
06171109124107111117123124120121                                                                                              3(9,11,12,15,16)14(5,7)(4,10,13)(1,8)6-2                        3,11,9,12,5(7,16)15(14,10,13)(8,2)(4,1)6                        3,11(9,12,16,15)(5,7)(14,10,8,13)(4,1,2)6                                                                                                               
06171110127118129127122121129132132                           7,8(4,13)(5,11)(3,9)-(6,10)-(2,12)-1                            7,8,13,4(5,11)3,9(6,10)=(2,12)-1                                (*7,8)13(4,5)3(6,11,9)10-12-(2,1)                               (*7,8)4(13,5)3,6-(11,9,10)(12,1)2                                                                                                                       
06171111124110127118125120115120123124                        6,11(2,13)10,7(1,12)(5,8)3(4,9)                                 6(2,11)-13-10-7,1,12(5,8)3,9,4                                  6,11(2,8)10,13,7(1,12,3)5(4,9)                                  (*6,11)(2,8)(10,7)3(13,1,12)(5,9)4                                                                                                                      
06171112126113110110114119122126                                                                                              (*6,16)(5,7,8)11,4(2,3,9,15)13,1,10,12,14                       6-11,5,16,7,8(2,15)(1,4,3,9)-13,10,14,12                        6-(7,5)(2,11)(8,16,15)1(4,3,9)(14,13)(12,10)                                                                                                            
08171101125113128129132132133130123                           2,6,16(1,12,14,15)-11,3,13,5-8-7,9-10,4                         2,6,16(1,12,14)(11,15)3(5,13)=8-7,9-(4,10)                      (*2,6)(12,16)(1,14)11,3(13,15)5-8,7,4,9-10                      (*2,6)16(1,12,11)(3,13)(15,14)5(8,4)-7-9-10                                                                                                             
08171102124113117122122125                                                                                                                                                                    10,11,13(2,4,14)5(9,15)(1,7,16)12-(6,8)3                        (*10,11)(2,4,13)14,5,15-1(9,7)(12,6,16)-8-3                                                                                                             
08171103126114125130128126126126124                           (*1,6)(3,10)11,2(8,9)4,5-(13,12)-7                              1,6(3,10)11,2,9(4,8)5-(13,12)-7                                 (1,*6,10)11(3,9)4(2,7)5(13,12)8                                 (*6,10)(11,9)(1,3,4,7)2(13,5)12-8                                                                                                                       
08171104124112130125126129128124126                           (*12,13)(14,15)-4,10(11,9)5,6,3(7,8)-1-2                        12,13(14,15)4,10,9(5,11)6,3,7,8,1-2                             12(13,14)15(4,10)(11,9)5(3,6)(1,7,2)8                           12,13,14(4,10)(11,15,6)(3,9)5(1,7,2)-8                                                                                                                  
08171105124109123123125128130125128117120                     7-11,3(10,16)6,13,9,12,4,14(2,8,5)15-1                          7-(3,11)16(6,10)13-(9,12)(4,14)(2,5)8,15-1                      7,16(3,13)8,5(6,11)(10,12)(4,9,14)15-2,1                        7(16,13)3(5,8)(6,4,12)(14,15)-(2,9)10,1-11                                                                                                              
08171106132119138133126130125122118113                        (*5,10)7(2,4)6(1,3,9)8                                          (*5,10)7(2,4)(1,6,9)(3,8)                                       (*5,10)7(2,4)(6,9)(1,3,8)                                       (*5,10)(7,4)(2,6,9)(1,3,8)                                                                                                                              
08171107125110117125122125                                                                                                                                                                    5(13,14)(6,8,12)9(7,11,16)-15-4,3(2,10)-1                       (*5,13)14(6,8,12)9(7,11,16)15,4(2,3,10)1                                                                                                                
08171108122112127131129129128125125                           1(2,7)3-(8,5)6,13,12,4,11,10,14,9                               1,2(3,7)8(6,5)13-12,4(10,11)-14,9                               (*1,2)(7,8)(3,6)5,13(4,10,12)11(9,14)                           1(2,7,8)(3,6,5)(4,13,10,12)11(9,14)                                                                                                                     
08171109070114122134128129124120120121                        10-14,7(12,15)6,3,4(1,8)(13,5)11,9-2                            10,14(7,15)12-6(3,4)(1,8)5,13(11,9)-2                           (*10,14)(7,15)(12,6,4,5)(1,3,8)(11,9)13,2                       (*10,14)(15,5)(7,12,6)4,3(1,11)9(2,8)13                                                                                                                 
08171110128119124128128121131123119122121121126122128         (*4,5)11(12,10)-9,8(7,1)-2-(6,3)                                (4,*5)11(12,10)-9(8,1)7-2-(6,3)                                 5(4,11)10(12,2)9(8,3)(7,1)6                                     (*5,11)(10,2,9)(4,1,3)(8,7)12,6                                                                                                                         
08171111122106111120117119115118                                                                                                                                                              8,15(3,11)2(1,9,6)(4,10,17)5,13,7,18(14,16)-12                  (*8,15)11(3,2,6)9(1,4,10)5(7,17)(16,13)(14,18)-12                                                                                                       
08171112120108111112113118                                                                                                                                                                    12(4,14)(3,7,16)(1,2,9)10,5(13,15)-(6,11)-8                     12,14,4,16(3,7)9(1,2)10,5,13,15(6,11)8                                                                                                                  
