0617130101 25.1  0.4  1.3  0.0  2.3  0.0 29.110010581菊沢一樹　　5103101  22.9   3.80935462+ 4 54                             
0617130102 10.0  0.0 -1.0  0.0  0.0  0.0  9.002010555杉原誠人　　5600101 143.8  38.80935448+22                                
0617130103 22.0  0.4  0.1  0.0  0.0  0.0 22.510010570石川裕紀人　5301101  28.6   4.80935464- 6                                
0617130104 24.2  0.4  1.3  1.5  0.0  0.0 27.410010349蛯名正義　　5600101  10.7   2.60935496+145 5                             
0617130105 31.0  1.4  3.0  2.5  2.4  0.0 40.302030378柴山雄一　　5400101   6.6   1.50935428- 4343                             
0617130106 22.0  0.3  0.0  0.0  0.0  0.0 22.300010375江田照男　　5400101  42.1   6.60935416- 6                                
0617130107 25.0  0.2  0.0  0.0  0.0  0.0 25.212010507津村明秀　　5400101  50.6   9.30935414- 2  6                             
0617130108 10.0  0.2  0.0  0.0  0.0  0.0 10.200010537丸田恭介　　5400101  94.1  15.70935460+ 4                                
0617130109 18.0  1.0  0.8  0.0  0.0  0.0 19.800010416吉田豊　　　5600101  13.1   3.00935478+ 8                                
0617130110 10.0  0.1 -1.0  0.0  0.0  0.0  9.100010515丹内祐次　　5600101 242.0  43.70935428+ 2                                
0617130111 37.0  2.7  3.4  3.0  3.2  0.0 49.302010491田辺裕信　　5600101   3.8   1.20935476  0231                             
0617130112 10.0  0.2 -1.0  0.0  0.0  0.0  9.202010584藤田菜七子　5103101  50.2  10.10935418-24                                
0617130113 35.0  3.1  3.0  3.5  3.4  0.0 48.000030113内田博幸　　5600101   2.9   1.20935482  0122                             
0617130114 23.1  0.2  0.0  0.0  0.0  0.0 23.302010500松岡正海　　5600101  64.3   9.80935452+ 2                                
0617130115 12.4  1.5  2.6  2.0  3.6  0.0 22.102010339横山典弘　　5600101   8.8   2.40935498+1241                              
0617130116 16.0  0.3  0.0  0.0  0.0  0.0 16.300010516大野拓弥　　5400101  27.7   5.90935480- 4                                
0617130201 17.0  0.2  0.0  0.0  0.0  0.0 17.200010375江田照男　　5400102  32.9   4.31004452- 4                                
0617130202 15.0  0.0 -1.0  0.0  0.0  0.0 14.000010560横山和生　　5400102  71.2   8.61004468- 6                                
0617130203 18.0  1.5  1.9  2.5  0.0  0.0 23.912010491田辺裕信　　5400102   8.1   2.11004476-183                               
0617130204 21.0  0.3  0.0  0.0  0.0  0.0 21.302010324柴田善臣　　5400102  26.5   4.41004476- 2                                
0617130205 25.1  1.4  1.1  2.0  2.4  0.0 32.000030468戸崎圭太　　5400102   8.0   2.81004454- 2423                             
0617130206 26.2  1.8  3.4  3.0  2.1  0.0 36.500030378柴山雄一　　5400102   5.3   1.61004496  0252                             
0617130207 30.0  0.4  0.0  0.0  0.0  0.0 30.400010500松岡正海　　5400102  45.9   6.31004424  0  4                             
0617130208 10.0  0.1  0.0  0.0  0.0  0.0 10.100010538宮崎北斗　　5400102 203.6  33.31004464  0                                
0617130209 25.0  0.8  1.7  0.0  2.3  0.0 29.802010516大野拓弥　　5400102  18.7   3.01004478  0 36                             
0617130210 34.0  3.1  4.1  4.5  3.5  0.0 49.202010582木幡巧也　　5202102   2.3   1.11004490+ 4111                             
0617130211 20.0  0.1  0.0  0.0  0.0  0.0 20.102010471嘉藤貴行　　5400102 151.3  18.61004472  0                                
0617130212 17.0  0.2  0.0  0.0  2.2  0.0 19.400010547丸山元気　　5400102  22.8   4.81004452+ 2 4                              
0617130213 26.0  0.4  0.5  0.0  0.0  0.0 26.900010497石橋脩　　　5400102  16.7   2.31004468+ 4                                
0617130214 10.0  0.2 -1.0  0.0  0.0  0.0  9.212010517小島太一　　5400102  96.0  12.91004452- 8                                
0617130215 19.0  0.1  0.0  0.0  0.0  0.0 19.102010349蛯名正義　　5400102  52.7   9.51004420-12                                
0617130216 26.1  0.7  1.6  1.5  0.0  0.0 29.900010442勝浦正樹　　5400102  12.2   2.81004442+ 45 5                             
0617130301 15.0  0.1  0.0  0.0  0.0  0.0 15.102010573木幡初也　　5202102  79.9  14.11036482+ 4                                
0617130302 23.0  0.2  0.0  0.0  0.0  0.0 23.200010515丹内祐次　　5600102  26.4   6.01036480  0                                
0617130303 22.0  0.2 -1.0  0.0  0.0  0.0 21.200010324柴田善臣　　5600102  69.3  15.81036452+ 6                                
0617130304 30.1  0.6  0.6  0.0  3.2  0.0 34.502030113内田博幸　　5600102  13.2   3.31036520  0 25                             
0617130305 24.0  1.4  1.6  0.0  2.3  0.0 29.300010462北村宏司　　5600102  12.8   3.21036500- 8 4                              
0617130306 28.8  0.2  0.6  1.5  0.0  0.0 31.100010349蛯名正義　　5600102  11.4   2.81036474+145                               
0617130307 30.0  1.2  0.1  0.0  0.0  0.0 31.300010339横山典弘　　5600102  13.8   3.01036468-10  6                             
0617130308 16.0  0.1 -1.0  0.0  0.0  0.0 15.112010551西村太一　　5400102 124.6  24.11036416+ 4                                
0617130309 24.0  0.3 -1.0  0.0  0.0  0.0 23.300010416吉田豊　　　5600102  24.6   4.91036432  0                                
0617130310 32.0  1.3  1.8  2.5  2.4  0.0 40.000030378柴山雄一　　5600102   6.0   2.21036502  0334                             
0617130311 35.0  2.1  2.6  3.0  3.6  0.0 46.310010368田中勝春　　5600102   5.9   1.51036516  0212                             
0617130312 33.0  1.6  2.2  2.0  2.1  0.0 40.902010582木幡巧也　　5402102   6.4   1.61036470+ 2463                             
0617130313 34.0  3.0  4.1  3.5  2.2  0.0 46.800010491田辺裕信　　5600102   3.2   1.41036492+ 4151                             
0617130314 18.0  0.3  0.0  0.0  0.0  0.0 18.300010500松岡正海　　5600102  70.1  15.61036488+ 8                                
0617130315 23.0  0.1  0.0  0.0  0.0  0.0 23.100010529黛弘人　　　5600102  62.6   9.81036442+ 4 9                              
0617130401 14.3  0.3  0.0  0.0  0.0  0.0 14.600010508藤岡佑介　　5600102  28.6   5.51108450                                   
0617130402 10.7  0.6  0.0  2.0  0.0  0.0 13.300010462北村宏司　　5600102   9.8   2.41108468   4                               
0617130403 10.1  0.1  0.0  0.0  0.0  0.0 10.200010529黛弘人　　　5600102  49.6   9.21108474                                   
0617130404 10.4  0.1  0.0  0.0  0.0  0.0 10.502010368田中勝春　　5400102  39.0   8.01108504                                   
0617130405 24.7  1.3  1.6  0.0  0.0  0.0 27.600010537丸田恭介　　5400102  10.1   2.71108444     6                             
0617130406 17.5  0.7  0.2  0.0  0.0  0.0 18.400010582木幡巧也　　5402102  15.0   3.11108456                                   
0617130407 10.0  0.6 -1.0  0.0  0.0  0.0  9.600010577野中悠太郎　5303102  27.1   4.61108486                                   
0617130408 26.5  1.3  2.0  0.0  0.0  0.0 29.800010547丸山元気　　5600102   9.4   2.71108458    95                             
0617130409 38.3  1.4  4.6  1.5  3.6  0.0 49.400010563原田和真　　5202102  10.9   2.81108490   511                             
0617130410 25.5  0.6  1.6  0.0  2.4  0.0 30.100010516大野拓弥　　5600102  20.4   4.81108500    34                             
0617130411 10.5  0.2 -1.0  0.0  0.0  0.0  9.702010571井上敏樹　　5202102  91.9  16.71108400                                   
0617130412 34.9  1.8  3.2  3.0  3.0  0.0 45.900030468戸崎圭太　　5600102   4.5   1.41108480   223                             
0617130413 35.2  2.9  3.3  3.5  2.3  0.0 47.200010500松岡正海　　5600102   3.5   1.31108460   142                             
0617130414 10.8  0.6  0.0  2.5  0.0  0.0 13.900010491田辺裕信　　5600102   9.1   2.41108448   3                               
0617130501 23.0  0.1 -1.0  0.0  0.0  0.0 22.100010516大野拓弥　　5600102 107.6  20.21200510+ 4                                
0617130502 34.1  0.4  0.0  0.0  2.2  0.0 36.702010510吉田隼人　　5600102  41.7   4.91200482+ 4 56                             
0617130503 27.0  0.2 -1.0  0.0  0.0  0.0 26.200010497石橋脩　　　5600102 162.6  26.71200482+10                                
0617130504 29.0  0.1 -1.0  0.0  0.0  0.0 28.100010573木幡初也　　5202102  93.2  13.11200448+ 2                                
0617130505 36.0  0.9  3.3  0.0  0.0  0.0 40.202010515丹内祐次　　5400102  15.5   2.01200470+ 8 95                             
0617130506 34.0  0.3  0.0  0.0  0.0  0.0 34.300010537丸田恭介　　5400102  38.0   5.21200416+ 2                                
0617130507 40.1  3.4  3.7  3.5  3.6  0.0 54.310030468戸崎圭太　　5600102   1.5   1.11200494- 2111                             
0617130508 40.0  1.8  3.8  2.5  3.4  0.0 51.500010582木幡巧也　　5402102   8.6   1.31200472+ 4322                             
0617130509 33.0  0.5  1.5  0.0  0.0  0.0 35.010010442勝浦正樹　　5600102  31.1   5.41200444+ 4                                
0617130510 37.0  0.7  1.8  2.0  0.0  0.0 41.500010562長岡禎仁　　5301102  20.3   2.71200464+ 24 4                             
0617130511 29.0  0.1 -1.0  0.0  0.0  0.0 28.102010529黛弘人　　　5400102 181.4  32.71200452  0                                
0617130512 24.0  0.8  0.0  0.0  0.0  0.0 24.812010491田辺裕信　　5600102  15.6   2.91200472+12 9                              
0617130513 28.6  0.3  3.3  1.5  2.4  0.0 36.111010349蛯名正義　　5600102  20.2   3.21200500+ 853                              
0617130514 31.0  0.2 -1.0  0.0  0.0  0.0 30.200010507津村明秀　　5400102 160.6  22.31200432+ 2                                
0617130515 36.1  1.4  2.7  3.0  2.3  0.0 45.500010500松岡正海　　5600102   7.1   1.61200484- 2243                             
0617130516 31.0  0.1  0.0  0.0  0.0  0.0 31.100010416吉田豊　　　5400102  85.2  13.71200444- 6                                
0617130601 15.1  0.1 -1.0  0.0  0.0  0.0 14.200010416吉田豊　　　5600102 101.9  15.61227520                                   
0617130602 15.4  0.1 -1.0  0.0  0.0  0.0 14.500010577野中悠太郎　5103102  95.4  14.81227438                                   
0617130603 20.3  0.2  0.0  0.0  0.0  0.0 20.500010515丹内祐次　　5600102  34.8   4.91227488                                   
0617130604 42.7  2.6  4.2  3.5  2.4  0.0 55.400010570石川裕紀人　5301102   2.4   1.31227526   121                             
0617130605 31.2  1.5  2.0  1.5  2.2  0.0 38.400010510吉田隼人　　5600102  12.2   3.11227476   543                             
0617130606 15.9  0.4  0.0  0.0  0.0  0.0 16.300010562長岡禎仁　　5301102  36.1   5.61227460                                   
0617130607 18.1  0.2  0.0  0.0  0.0  0.0 18.300010349蛯名正義　　5600102  17.1   2.81227482                                   
0617130608 19.9  1.0  0.0  0.0  0.0  0.0 20.900030113内田博幸　　5600102  14.1   2.91227526                                   
0617130609 29.9  0.7  1.8  0.0  0.0  0.0 32.400010368田中勝春　　5600102  16.1   3.11227498     4                             
0617130610 25.4  1.2  0.9  2.5  2.3  0.0 32.300030468戸崎圭太　　5600102  10.8   2.51227542   335                             
0617130611 16.3  0.3 -1.0  2.0  0.0  0.0 17.603010497石橋脩　　　5400102  19.4   3.41227456   4                               
0617130612 15.6  0.6  0.0  0.0  0.0  0.0 16.200030378柴山雄一　　5600102  20.2   3.11227484    9                              
0617130613 22.2  0.5  0.3  0.0  0.0  0.0 23.002010537丸田恭介　　5400102  43.1   6.71227420     6                             
0617130614 36.1  2.1  2.8  3.0  3.6  0.0 47.600010339横山典弘　　5600102   4.0   1.51227518   212                             
0617130615 15.3  0.4  0.0  0.0  0.0  0.0 15.702010582木幡巧也　　5202102  37.8   5.31227424                                   
0617130701 40.6  0.1 -1.0  0.0  0.0  0.0 39.700010510吉田隼人　　5600102  49.4  13.51255496+ 4                                
0617130702 50.0  1.0  1.7  0.0  2.4  0.0 55.100010416吉田豊　　　5600102  12.9   3.01255456- 2 34                             
0617130703 43.0  0.2  0.0  0.0  0.0  0.0 43.202010571井上敏樹　　5502102  27.8   5.11255478+ 6                                
0617130704 45.0  0.3 -1.0  0.0  0.0  0.0 44.300010442勝浦正樹　　5700102  82.4  20.51255520+ 1                                
0617130705 50.1  1.6  1.2  1.5  0.0  0.0 54.400030378柴山雄一　　5600102   7.0   2.21255524+ 25 6                             
0617130706 48.0  1.6  3.0  2.5  0.0  0.0 55.112030468戸崎圭太　　5400102   6.3   2.61255496+123 5                             
0617130707 48.1  0.8  0.4  0.0  2.3  0.0 51.610010516大野拓弥　　5700102  14.8   2.41255504+ 8 4                              
0617130708 45.0  0.2 -1.0  0.0  0.0  0.0 44.200010375江田照男　　5700102  45.2  10.41255492  0                                
0617130709 50.2  2.5  1.8  3.5  3.6  0.0 61.600010507津村明秀　　5600102   3.3   1.41255518+ 6111                             
0617130710 48.0  0.5  0.8  0.0  0.0  0.0 49.310010508藤岡佑介　　5700102  23.9   7.71255496+ 4                                
0617130711 48.3  0.3  0.3  0.0  2.2  0.0 51.100010500松岡正海　　5700102  32.5   6.31255512+14 5                              
0617130712 47.0  1.8  3.6  3.0  2.1  0.0 57.502010570石川裕紀人　5501102   6.2   2.11255508+ 2263                             
0617130713 36.0  0.2  0.0  0.0  0.0  0.0 36.200010582木幡巧也　　5202102  49.4  11.81255408+ 7                                
0617130714 48.2  1.3  3.3  2.0  3.3  0.0 58.110010577野中悠太郎　5303102   8.5   2.21255490- 2422                             
0617130715 42.0  0.2  0.4  0.0  0.0  0.0 42.610010581菊沢一樹　　5303102  19.3   3.31255434+12                                
0617130801 36.0  0.1 -1.0  0.0  0.0  0.0 35.102010515丹内祐次　　5600102  43.2   8.11330512+ 4                                
0617130802 45.0  1.1  1.4  0.0  2.4  0.0 49.912030113内田博幸　　5700102  13.8   3.01330500+12 36                             
0617130803 48.1  1.1  3.2  1.5  2.2  0.0 56.100030378柴山雄一　　5600102  14.7   3.31330468+ 6553                             
0617130804 42.0  1.5  2.6  2.0  0.0  0.0 48.100010516大野拓弥　　5600102   8.3   2.01330502  04                               
0617130805 49.0  0.2  0.0  0.0  0.0  0.0 49.210010581菊沢一樹　　5303102  53.0   5.41330490+10                                
0617130806 29.0  0.3  0.0  0.0  0.0  0.0 29.302010500松岡正海　　5500102  51.8   6.81330474+ 6                                
0617130807 41.0  0.2 -1.0  0.0  0.0  0.0 40.202010324柴田善臣　　5600102  53.5   6.21330482+10                                
0617130808 35.0  0.3  0.0  0.0  0.0  0.0 35.302010462北村宏司　　5600102  32.0   5.41330464- 3                                
0617130809 48.3  2.6  3.4  3.0  3.4  0.0 60.700010567伴啓太　　　5402102   2.9   1.31330498+ 2222                             
0617130810 53.2  3.0  4.6  3.5  3.6  0.0 67.900010491田辺裕信　　5600102   3.0   1.31330502+10111                             
0617130811 44.0  0.2  0.0  0.0  0.0  0.0 44.200010497石橋脩　　　5700102  45.6   7.11330478+ 6                                
0617130812 41.9  0.1 -1.0  0.0  0.0  0.0 41.010010577野中悠太郎　5403102  93.9  13.31330444+ 8                                
0617130813 47.0  0.3  0.0  0.0  0.0  0.0 47.300010375江田照男　　5700102  31.3   4.71330478+10                                
0617130814 48.0  0.8  1.2  0.0  2.3  0.0 52.302010547丸山元気　　5600102  18.1   3.51330492+10 45                             
0617130815 46.0  0.7  1.8  2.5  2.1  0.0 53.110010510吉田隼人　　5500102  11.8   2.21330484+20364                             
0617130816 47.1  0.2  0.0  0.0  0.0  0.0 47.310010582木幡巧也　　5302102  83.2  10.51330450+ 4                                
0617130901 59.0  0.4  0.4  0.0  2.4  0.0 62.210010375江田照男　　5500102  19.3   4.21406498+16 36                             
0617130902 58.1  0.3  0.0  0.0  0.0  0.0 58.410010491田辺裕信　　5400102  25.0   6.91406506+ 6                                
0617130903 57.0  1.1  2.3  1.5  2.3  0.0 64.202010549菅原隆一　　5500102   9.1   2.01406534- 2545                             
0617130904 53.1  0.2  0.0  0.0  0.0  0.0 53.300010577野中悠太郎　5100102  47.8   7.61406482- 6                                
0617130905 52.1  0.6  0.2  0.0  0.0  0.0 52.900010582木幡巧也　　5300102  34.3   6.41406490- 8                                
0617130906 53.0  0.2  0.0  0.0  0.0  0.0 53.200010416吉田豊　　　5400102  56.8   9.81406510+10                                
0617130907 49.0  0.7  0.5  0.0  0.0  0.0 50.200010547丸山元気　　5100102  19.4   4.31406512+ 2                                
0617130908 59.1  1.8  1.7  3.5  0.0  0.0 66.100010579加藤祥太　　5400102   3.5   1.91406494+12193                             
0617130909 56.0  0.2  0.0  0.0  0.0  0.0 56.200010537丸田恭介　　5100102  61.8  12.61406474+ 6                                
0617130910 47.0  0.1 -1.0  0.0  0.0  0.0 46.100010529黛弘人　　　5200102  70.9  18.01406502+ 6                                
0617130911 53.4  0.4  0.1  0.0  0.0  0.0 53.902030378柴山雄一　　5400102  32.8   7.01406460  0                                
0617130912 60.0  1.3  3.4  3.0  3.6  0.0 71.300010368田中勝春　　5500102   5.6   1.51406532+ 2211                             
0617130913 56.2  2.3  2.9  2.5  3.3  0.0 67.200030468戸崎圭太　　5500102   4.9   1.71406546  0322                             
0617130914 46.0  0.1  0.0  0.0  0.0  0.0 46.100010571井上敏樹　　5400102  94.2  14.41406542+12                                
0617130915 55.1  0.2  0.0  0.0  0.0  0.0 55.310010497石橋脩　　　5400102  45.0   9.81406476  0                                
0617130916 57.2  1.6  3.1  2.0  2.2  0.0 66.100010516大野拓弥　　5600102   5.7   1.81406508- 2454                             
0617131001 60.4  3.0  3.5  3.5  3.4  0.0 73.800030468戸崎圭太　　5400102   3.0   1.41438486+ 4121                             
0617131002 56.0  0.2 -1.0  0.0  0.0  0.0 55.202010507津村明秀　　5500102  84.2  13.61438480- 2                                
0617131003 60.2  0.9  0.9  2.5  0.0  0.0 64.500030113内田博幸　　5500102  10.6   1.91438516- 43 6                             
0617131004 61.1  1.1  1.6  0.0  2.4  0.0 66.200010442勝浦正樹　　5700102  13.3   2.71438474+ 2 44                             
0617131005 53.0  0.6  0.0  0.0  0.0  0.0 53.600010570石川裕紀人　5700102  37.4   4.91438508+10                                
0617131006 57.0  0.2  0.0  0.0  0.0  0.0 57.202010577野中悠太郎　5500102  50.5   7.51438428  0                                
0617131007 60.3  2.6  3.9  3.0  3.2  0.0 73.000010497石橋脩　　　5400102   2.9   1.31438446  0232                             
0617131008 60.1  0.9  2.3  2.0  3.6  0.0 68.910010510吉田隼人　　5400102   9.5   2.51438510+20413                             
0617131009 60.0  0.1 -1.0  0.0  0.0  0.0 59.100010555杉原誠人　　5500102  65.2  11.41438468+ 8                                
0617131010 56.1  0.1  0.0  0.0  0.0  0.0 56.200010465二本柳壮　　5500102  75.3   9.21438454  0                                
0617131011 59.0  0.4  0.0  1.5  0.0  0.0 60.900030378柴山雄一　　5500102  16.7   3.61438428- 65                               
0617131012 58.3  1.0  0.0  0.0  0.0  0.0 59.300010516大野拓弥　　5700102  21.6   3.91438478+ 2                                
0617131013 58.1  0.2  0.0  0.0  0.0  0.0 58.302010539伊藤工真　　5500102  83.3  12.01438468+ 2                                
0617131014 61.0  0.5  1.4  0.0  2.3  0.0 65.212010519鮫島良太　　5700102  14.7   2.81438496+ 4 55                             
0617131015 58.2  0.5  0.0  0.0  0.0  0.0 58.700010462北村宏司　　5700102  39.1   5.31438482  0                                
0617131016 55.0  0.2  0.0  0.0  0.0  0.0 55.200010582木幡巧也　　5400102  98.7  11.71438480+ 2                                
0617131101 47.1  1.6  3.8  2.5  2.4  0.0 57.400030378柴山雄一　　5400104   6.7   2.01514520+ 4323                             
0617131102 40.1  0.3  0.0  0.0  0.0  0.0 40.410010375江田照男　　5400104  16.0   3.31514452+10                                
0617131103 46.1  3.0  3.2  3.5  3.6  0.0 59.400010339横山典弘　　5400104   2.7   1.41514492+10112                             
0617131104 45.0  0.3  1.6  0.0  0.0  0.0 46.900010529黛弘人　　　5500104  16.4   3.21514414+ 8  6                             
0617131105 39.0  0.5  0.0  0.0  0.0  0.0 39.500010462北村宏司　　5400104  33.6   6.31514506+ 2                                
0617131106 42.0  1.0  1.5  2.0  2.3  0.0 48.800010349蛯名正義　　5400104  10.9   2.81514442+ 2435                             
0617131107 37.9  0.6  0.2  0.0  0.0  0.0 38.700010507津村明秀　　5400104  14.3   3.31514444- 2                                
0617131108 39.1  0.2  0.3  0.0  0.0  0.0 39.600010416吉田豊　　　5400104  19.5   3.81514478- 4                                
0617131109 41.0  0.1 -1.0  0.0  0.0  0.0 40.100010471嘉藤貴行　　5400104 128.6  21.51514434+10                                
0617131110 32.0  0.2  0.0  0.0  0.0  0.0 32.210010500松岡正海　　5400104 161.7  26.41514472  0                                
0617131111 49.0  0.6  1.1  1.5  0.0  0.0 52.200010516大野拓弥　　5400104  11.8   2.91514456+ 6594                             
0617131112 40.0  0.2  0.0  0.0  0.0  0.0 40.200010442勝浦正樹　　5400104  43.5   7.81514468- 6                                
0617131113 43.2  0.1  0.0  0.0  0.0  0.0 43.300010515丹内祐次　　5400104  47.4   7.11514432-10 9                              
0617131114 40.4  0.2  0.0  0.0  0.0  0.0 40.600010324柴田善臣　　5400104  55.5   8.01514438+ 8                                
0617131115 38.1  0.5  2.0  0.0  2.2  0.0 42.800010537丸田恭介　　5400104  34.7   5.71514484+12 4                              
0617131116 47.0  2.6  4.8  3.0  2.1  0.0 59.500030468戸崎圭太　　5400104   5.4   1.81514430- 6251                             
0617131201 53.0  0.5  0.0  2.0  3.2  0.0 58.700010508藤岡佑介　　5600104   9.1   2.81551534  0436                             
0617131202 56.0  0.4  0.8  0.0  0.0  0.0 57.200030113内田博幸　　5700104  24.2   5.11551464+ 6                                
0617131203 55.1  0.9  1.4  0.0  0.0  0.0 57.402030378柴山雄一　　5600104  11.1   2.51551530+ 4                                
0617131204 57.0  0.1 -1.0  0.0  0.0  0.0 56.100010563原田和真　　5502104 114.7  17.21551488+ 4                                
0617131205 57.1  0.2  0.0  0.0  0.0  0.0 57.302010368田中勝春　　5700104  35.3   4.31551492+ 2                                
0617131206 47.0  0.1  0.0  0.0  0.0  0.0 47.100010577野中悠太郎　5403104 112.1  14.91551466+ 4                                
0617131207 55.0  0.3 -1.0  0.0  0.0  0.0 54.313010500松岡正海　　5700104  25.7   6.61551536  0                                
0617131208 55.0  0.3  0.0  0.0  0.0  0.0 55.300010507津村明秀　　5500104  17.3   3.71551432  0                                
0617131209 55.0  2.2  3.7  2.5  0.0  0.0 63.410010491田辺裕信　　5700104   5.9   1.81551484- 6394                             
0617131210 46.0  0.1  0.0  0.0  0.0  0.0 46.102010549菅原隆一　　5700104 195.2  34.31551474+ 2                                
0617131211 58.2  2.4  3.9  3.5  3.6  0.0 71.600010349蛯名正義　　5600104   3.4   1.41551456+ 6111                             
0617131212 47.0  0.1  0.0  0.0  0.0  0.0 47.110010515丹内祐次　　5500104 106.1  23.61551472- 1                                
0617131213 55.0  0.1  0.0  0.0  0.0  0.0 55.100010579加藤祥太　　5501104  43.1   7.01551452+ 8                                
0617131214 59.0  1.0  2.0  1.5  2.3  0.0 65.800010497石橋脩　　　5700104  11.3   3.11551528+16553                             
0617131215 58.1  0.9  1.7  0.0  2.4  0.0 63.100010442勝浦正樹　　5700104  13.5   3.11551466+ 2 45                             
0617131216 58.3  2.6  3.2  3.0  3.3  0.0 70.400030468戸崎圭太　　5700104   4.7   1.71551520+14222                             
0817130101 15.0  0.8  1.3  2.0  0.0  0.0 19.110070234Ｃ．ルメール5400102  24.6   2.70949458+ 84                               
0817130102 25.3  1.7  3.2  3.0  1.9  0.0 35.100010451松田大作　　5400102   9.2   1.40949474  0233                             
0817130103 25.0  0.3  0.0  0.0  0.0  0.0 25.300010522北村友一　　5400102  58.6   5.80949442+ 4  6                             
0817130104 51.0  3.3  3.9  3.5  3.4  0.0 65.100010512川田将雅　　5400102   1.2   1.00949462  0111                             
0817130105 33.0  0.6  1.8  0.0  2.0  0.0 37.400010482川島信二　　5400102  29.3   3.00949462+ 4 22                             
0817130106 14.0  0.1 -1.0  0.0  0.0  0.0 13.100010568岩崎翼　　　5301102 165.1  10.80949476- 2                                
0817130107 16.8  0.2  0.0  0.0  0.0  0.0 17.000010419幸英明　　　5400102  76.1   8.00949462+ 2                                
0817130108 26.0  0.8  1.4  0.0  1.8  0.0 30.010010536藤岡康太　　5400102  30.9   2.80949464- 2 44                             
0817130109 18.0  0.1 -1.0  0.0  0.0  0.0 17.100010585森裕太朗　　5103102 138.8   7.50949488- 4                                
0817130110 28.0  0.3 -1.0  0.0  1.7  0.0 29.000010438和田竜二　　5400102  55.2   3.40949474- 2 55                             
0817130111 17.5  0.6  0.0  0.0  0.0  0.0 18.110010535浜中俊　　　5400102  48.1   4.70949438-12                                
0817130112 15.0  0.0 -1.0  0.0  0.0  0.0 14.000030505岡田祥嗣　　5400102 223.2  15.40949444- 2                                
0817130113 14.0  0.1 -1.0  0.0  0.0  0.0 13.100010564菱田裕二　　5400102 190.3  30.20949430+12                                
0817130114 19.0  1.2  1.7  2.5  0.0  0.0 24.400070176Ｍ．デムーロ5400102  14.6   2.00949446+1039                              
0817130115 15.0  0.4  0.0  0.0  0.0  0.0 15.410010572小崎綾也　　5301102  44.3   5.20949488+ 4                                
0817130116 18.0  1.1  1.6  1.5  0.0  0.0 22.200030182岩田康誠　　5400102  37.3   3.30949432  05                               
0817130201 18.6  0.8  0.5  0.0  0.0  0.0 19.900010544国分恭介　　5400103  16.9   4.01019448                                   
0817130202 10.0  0.2 -1.0  0.0  0.0  0.0  9.200010580荻野極　　　5103103  57.6  13.01019468                                   
0817130203 10.3  0.4 -1.0  0.0  0.0  0.0  9.700010585森裕太朗　　5103103  59.4   9.51019426                                   
0817130204 17.1  1.1  0.5  3.0  2.0  0.0 23.700010438和田竜二　　5400103   4.2   1.51019506   254                             
0817130205 22.5  1.3  1.2  2.5  2.3  0.0 29.800010355武豊　　　　5400103   5.7   2.01019448   323                             
0817130206 10.0  0.1  0.0  0.0  0.0  0.0 10.100030505岡田祥嗣　　5600103  28.3   7.31019484                                   
0817130207 10.0  0.5  0.0  0.0  0.0  0.0 10.500010446秋山真一郎　5600103  17.8   3.81019460                                   
0817130208 34.5  2.2  3.3  3.5  3.3  0.0 46.800010512川田将雅　　5400103   5.1   1.71019458   111                             
0817130209 10.0  0.2  0.0  0.0  0.0  0.0 10.200010534田中健　　　5400103  51.8   9.61019480                                   
0817130210 10.0  0.2  0.0  0.0  0.0  0.0 10.202010449武幸四郎　　5400103  37.2   7.71019444                                   
0817130211 10.4  0.2 -1.0  0.0  0.0  0.0  9.602010419幸英明　　　5400103  83.4  12.21019390                                   
0817130212 30.6  1.9  2.6  1.5  0.0  0.0 36.602010410小林徹弥　　5600103  10.1   2.61019496   5 2                             
0817130213 18.7  0.4  0.4  0.0  2.2  0.0 21.700010482川島信二　　5400103  28.1   4.41019410    3                              
0817130214 11.0  0.4  0.0  0.0  0.0  0.0 11.400010460太宰啓介　　5400103  49.2   9.31019464                                   
0817130215 17.1  1.4  0.2  2.0  2.1  0.0 22.800010574松若風馬　　5600103   5.3   2.01019498   446                             
0817130216 21.5  1.3  0.9  0.0  0.0  0.0 23.700010546松山弘平　　5600103  16.0   3.31019444     5                             
0817130301 15.7  0.2 -1.0  0.0  0.0  0.0 14.902070329Ｓ．フォーリ5400103  99.4  13.01051460+ 2                                
0817130302 24.0  0.1 -1.0  0.0  0.0  0.0 23.100010580荻野極　　　5303103 112.3  26.91051498+18                                
0817130303 30.0  0.6  0.4  0.0  2.0  0.0 33.000010578鮫島克駿　　5501103  53.1   6.31051436- 6 5                              
0817130304 32.0  1.4  2.2  2.0  0.0  0.0 37.600010583坂井瑠星　　5303103   8.2   1.91051494- 44 5                             
0817130305 33.3  0.2  0.0  0.0  2.3  0.0 35.810010544国分恭介　　5600103  68.3   8.41051470+ 2 26                             
0817130306 31.0  0.4  0.4  1.5  0.0  0.0 33.300010536藤岡康太　　5600103  17.5   3.41051488- 25                               
0817130307 30.0  0.2 -1.0  0.0  0.0  0.0 29.200010419幸英明　　　5400103  42.9   5.61051452- 6                                
0817130308 33.2  1.6  2.2  2.5  0.0  0.0 39.500010482川島信二　　5600103  11.2   2.21051430- 23 3                             
0817130309 14.0  0.5  0.0  0.0  0.0  0.0 14.500030182岩田康誠　　5600103  28.7   5.81051480+10                                
0817130310 37.0  3.4  3.9  3.5  3.3  0.0 51.102010435福永祐一　　5600103   1.7   1.11051458- 4111                             
0817130311 35.0  1.3  2.3  0.0  0.0  0.0 38.600010438和田竜二　　5600103  17.6   2.51051486+ 2 94                             
0817130312 32.0  0.2  0.0  0.0  2.2  0.0 34.402010546松山弘平　　5600103  26.9   4.71051472+12 3                              
0817130313 33.0  0.4  0.0  0.0  0.0  0.0 33.402010574松若風馬　　5600103  19.2   3.41051480+ 4                                
0817130314 36.0  0.6  0.9  3.0  2.1  0.0 42.602010410小林徹弥　　5600103   9.3   2.11051486  0242                             
0817130315 15.0  0.1  0.0  0.0  0.0  0.0 15.110010568岩崎翼　　　5301103 127.2  17.71051464+12                                
0817130316 32.0  0.6  0.0  0.0  0.0  0.0 32.600070334Ｖ．シュミノ5400103  38.0   4.01051428- 2                                
0817130401 15.0  1.4  2.6  2.5  0.0  0.0 21.500010487平沢健治　　5800103   6.7   1.71121484+ 23 5                             
0817130402 15.4  1.6  1.3  0.0  2.0  0.0 20.300010458白浜雄造　　6000103   8.9   2.21121498+ 2 56                             
0817130403 15.3  1.5  1.8  1.5  2.1  0.0 22.200010427西谷誠　　　6000103   6.0   1.91121506- 2544                             
0817130404 16.0  1.4  3.0  3.0  2.2  0.0 25.600010345林満明　　　5900103   6.0   2.01121480+22232                             
0817130405 15.2  3.0  4.0  3.5  2.3  0.0 28.010010559森一馬　　　5800103   3.6   1.61121486- 4121                             
0817130406 14.0  0.5  0.0  0.0  0.0  0.0 14.510010417植野貴也　　5900103  22.5   4.01121468+ 2                                
0817130407 14.0  0.5  0.6  0.0  0.0  0.0 15.100010513高野和馬　　5700103  19.4   3.41121446- 2                                
0817130408 15.1  1.6  2.5  2.0  3.3  0.0 24.500010483小坂忠士　　6000103   6.5   2.61121520+ 8413                             
0817130409 13.0  0.3  0.0  0.0  0.0  0.0 13.310010378浜野谷憲尚　5900103  41.6  10.71121476+16                                
0817130410 13.0  0.3  0.0  0.0  0.0  0.0 13.300010525田村太雅　　5700103  63.1  12.41121480+16                                
0817130411 14.0  0.3  0.0  0.0  0.0  0.0 14.310010489五十嵐雄祐　6000103  56.1  12.81121476+ 6                                
0817130412 14.0  0.7  0.0  0.0  0.0  0.0 14.700010540大江原圭　　6000103  12.9   2.81121468+ 6                                
0817130501 19.0  0.1  0.0  0.0  0.0  0.0 19.100010419幸英明　　　5600104 222.3  26.11213444+ 4                                
0817130502 34.0  1.2  2.5  3.0  2.0  0.0 42.710010355武豊　　　　5600104   5.8   1.71213482+ 6254                             
0817130503 34.0  0.4  0.7  0.0  0.0  0.0 35.100070334Ｖ．シュミノ5600104  22.9   3.71213524+ 2                                
0817130504 28.0  0.3  0.0  1.5  0.0  0.0 29.812010438和田竜二　　5600104  34.0   5.21213482+225                               
0817130505 37.0  3.0  4.2  3.5  3.3  0.0 51.000070176Ｍ．デムーロ5600104   1.8   1.21213456- 8111                             
0817130506 37.1  1.4  2.8  2.0  2.3  0.0 45.610070234Ｃ．ルメール5600104   8.1   1.71213434- 2423                             
0817130507 26.0  0.1 -1.0  0.0  0.0  0.0 25.110010583坂井瑠星　　5303104 302.2  28.41213460- 4                                
0817130508 29.0  0.5  0.0  0.0  0.0  0.0  0.000110435福永祐一　　5400104            1213                                      
0817130509 31.0  0.5  0.0  0.0  0.0  0.0 31.500030182岩田康誠　　5600104  37.0   4.71213464- 2                                
0817130510 40.0  1.6  2.2  2.5  2.2  0.0 48.502010574松若風馬　　5600104   7.7   1.61213452- 6332                             
0817130511 34.1  0.6  0.0  0.0  2.1  0.0 36.800010546松山弘平　　5600104  19.0   3.31213482  0 4                              
0817130512 38.0  0.3  0.0  0.0  0.0  0.0 38.302010436古川吉洋　　5600104  41.4   4.61213486- 2  6                             
0817130513 22.0  0.2  0.0  0.0  0.0  0.0 22.210070329Ｓ．フォーリ5600104  44.7   9.61213454- 8                                
0817130514 31.0  0.2  0.0  0.0  0.0  0.0 31.200010536藤岡康太　　5400104  80.7   8.21213424-14                                
0817130515 38.2  1.0  1.0  0.0  0.0  0.0 40.200010435福永祐一　　5400104  18.3   2.81213456- 4  5                             
0817130516 26.0  0.2 -1.0  0.0  0.0  0.0 25.210010429柴田大知　　5600104 165.1  20.31213434+ 6                                
0817130601 39.0  0.4  0.0  0.0  0.0  0.0 39.400010575義英真　　　5301204  22.2   5.41240478- 4                                
0817130602 39.3  3.1  3.8  3.5  3.3  0.0 53.000010536藤岡康太　　5600204   3.1   1.41240454- 6111                             
0817130603 39.2  1.2  1.9  0.0  2.1  0.0 44.400010455池添謙一　　5400204  15.5   3.31240490+ 4 45                             
0817130604 25.0  0.1  0.0  0.0  0.0  0.0 25.112010583坂井瑠星　　5103204  46.8  12.11240436+ 6                                
0817130605 37.0  2.1  3.2  2.5  2.2  0.0 47.012070234Ｃ．ルメール5600204   4.6   1.71240482  0333                             
0817130606 34.0  0.5  0.2  0.0  0.0  0.0 34.700030182岩田康誠　　5400204  36.2   6.61240466- 4                                
0817130607 25.0  0.2 -1.0  0.0  0.0  0.0 24.210010460太宰啓介　　5400204 136.8  27.01240454- 4                                
0817130608 37.0  0.4  0.0  0.0  0.0  0.0 37.410070334Ｖ．シュミノ5400204  49.6   8.31240446+ 6                                
0817130609 33.0  0.3  0.0  0.0  0.0  0.0 33.300010429柴田大知　　5400204  39.1   8.31240428+ 2                                
0817130610 37.0  0.7  0.0  1.5  2.0  0.0 41.200010435福永祐一　　5600204   8.4   2.21240482- 255                              
0817130611 33.7  0.5  0.0  2.0  0.0  0.0 36.200010535浜中俊　　　5400204   8.6   2.51240428  04                               
0817130612 41.0  0.6  1.7  0.0  2.3  0.0 45.600010451松田大作　　5600204  19.3   3.21240468+ 2 24                             
0817130613 34.0  0.3  0.0  0.0  0.0  0.0 34.300010412岩部純二　　5600204  26.5   5.51240524+ 4                                
0817130614 25.0  0.2  0.0  0.0  0.0  0.0 25.200010436古川吉洋　　5600204  36.5   6.91240468  0                                
0817130615 42.0  0.3  0.2  0.0  0.0  0.0 42.510010522北村友一　　5600204  22.7   3.71240458- 2 96                             
0817130616 41.2  1.7  2.1  3.0  0.0  0.0 48.000010438和田竜二　　5400204   8.7   2.31240452  02 2                             
0817130701 42.3  0.4  0.5  0.0  0.0  0.0 43.200010546松山弘平　　5400204  17.4   4.91311454  0                                
0817130702 42.0  0.8  0.0  0.0  0.0  0.0 42.800010355武豊　　　　5500204  10.9   2.81311474+12                                
0817130703 42.0  1.1  0.0  2.5  0.0  0.0 45.600030018小牧太　　　5400204   7.9   2.41311458- 43                               
0817130704 34.0  0.2 -1.0  0.0  0.0  0.0 33.200010410小林徹弥　　5400204 101.7  17.31311486+ 4                                
0817130705 41.0  0.0 -1.0  0.0  0.0  0.0 40.000010569城戸義政　　5202204  85.3  24.31311494- 4                                
0817130706 47.0  0.8  0.7  0.0  2.2  0.0 50.700010574松若風馬　　5400204  13.6   3.91311490+ 4 33                             
0817130707 38.4  0.1  0.0  0.0  0.0  0.0 38.512030505岡田祥嗣　　5400204  38.1   8.41311522+16                                
0817130708 39.0  0.6  0.0  0.0  0.0  0.0 39.600070334Ｖ．シュミノ5400204  22.9   5.41311458-12                                
0817130709 42.0  0.6  0.8  0.0  0.0  0.0 43.400010578鮫島克駿　　5301204  19.3   5.11311470  0                                
0817130710 46.0  1.2  1.4  2.0  0.0  0.0 50.600010435福永祐一　　5400204  12.8   3.31311444+ 2494                             
0817130711 44.3  2.6  2.3  3.5  2.3  0.0 55.000070234Ｃ．ルメール5400204   4.0   1.81311462+ 4121                             
0817130712 40.2  0.2  0.0  0.0  0.0  0.0 40.410010452中谷雄太　　5500204  14.8   4.81311464-10                                
0817130713 40.0  2.1  3.2  3.0  3.3  0.0 51.600070176Ｍ．デムーロ5500204   5.6   2.11311476- 6212                             
0817130714 44.0  0.5  0.0  0.0  2.1  0.0 46.600030182岩田康誠　　5400204  22.3   5.11311482- 8 45                             
0817130715 43.2  0.2  0.3  0.0  2.0  0.0 45.700010419幸英明　　　5400204  11.9   3.21311448  0 56                             
0817130716 41.0  0.4  0.0  1.5  0.0  0.0 42.900010580荻野極　　　5203204  15.8   2.71311516+ 25                               
0817130801 49.0  0.3  0.0  0.0  0.0  0.0 49.300010438和田竜二　　5600204  25.6   4.41341442+10                                
0817130802 45.0  0.1 -1.0  0.0  0.0  0.0 44.100010544国分恭介　　5400204  51.4   9.11341482- 2                                
0817130803 54.1  3.0  3.9  3.0  3.3  0.0 67.300070176Ｍ．デムーロ5700204   4.3   1.31341428+ 2211                             
0817130804 47.0  0.4  2.5  0.0  0.0  0.0 49.902070329Ｓ．フォーリ5600204  15.0   3.31341490+10                                
0817130805 53.0  0.2  0.0  0.0  0.0  0.0 53.202010585森裕太朗　　5203204  34.1   4.71341480  0  6                             
0817130806 54.0  2.1  2.6  2.0  2.3  0.0 63.000010561中井裕二　　5401204  10.2   2.11341452- 4422                             
0817130807 47.0  0.2 -1.0  0.0  0.0  0.0 46.200010429柴田大知　　5400204 102.0  14.81341418+ 2                                
0817130808 50.0  1.4  2.4  3.5  2.2  0.0 59.502010536藤岡康太　　5600204   2.9   1.61341500+ 2133                             
0817130809 42.1  0.1 -1.0  0.0  0.0  0.0 41.210010546松山弘平　　5700204  39.8  10.01341528+14                                
0817130810 52.3  1.1  1.8  0.0  2.1  0.0 57.300010435福永祐一　　5500204  11.0   2.71341454- 2 45                             
0817130811 52.0  0.4  0.0  0.0  0.0  0.0 52.400010572小崎綾也　　5301204  20.0   4.31341502- 2                                
0817130812 52.2  0.9  0.6  2.5  2.0  0.0 58.200010355武豊　　　　5400204   8.2   2.31341448  0354                             
0817130813 48.0  0.2  0.0  0.0  0.0  0.0 48.210010452中谷雄太　　5700204  62.8   9.41341480+16                                
0817130814 49.3  1.0  0.0  1.5  0.0  0.0 51.810010535浜中俊　　　5500204  15.6   4.01341438+125                               
0817130815 52.4  0.6  0.0  0.0  0.0  0.0 53.000070334Ｖ．シュミノ5600204  25.3   4.71341476  0                                
0817130816 47.9  0.1  0.0  0.0  0.0  0.0 48.000010583坂井瑠星　　5403204  58.8  11.71341504+12                                
0817130901 52.0  1.4  1.8  3.0  2.1  0.0 60.302030018小牧太　　　5600204   8.5   1.81411462+ 6243                             
0817130902 56.0  0.7  0.8  0.0  0.0  0.0 57.500010419幸英明　　　5700204  17.9   3.51411520- 8 94                             
0817130903 40.0  0.2  0.0  0.0  0.0  0.0 40.210010429柴田大知　　5600204  35.7   5.21411482+ 4                                
0817130904 56.3  3.6  4.4  3.5  3.3  0.0 71.110010482川島信二　　5700204   1.7   1.11411534- 6111                             
0817130905 51.0  1.7  1.6  0.0  2.2  0.0 56.500010452中谷雄太　　5600204  11.9   2.11411462- 2 35                             
0817130906 53.0  1.8  2.6  2.5  2.3  0.0 62.200010564菱田裕二　　5700204   6.0   1.41411520+ 6322                             
0817130907 45.0  0.2  0.0  0.0  0.0  0.0 45.200010451松田大作　　5700204  47.0   7.01411492- 2                                
0817130908 50.0  0.2 -1.0  0.0  0.0  0.0 49.201010548川須栄彦　　5700204  92.4   7.31411476  0                                
0817130909 47.0  0.8  0.0  1.5  0.0  0.0 49.300070329Ｓ．フォーリ5500204  10.8   2.11411470+ 45                               
0817130910 50.0  0.2 -1.0  0.0  0.0  0.0 49.200010572小崎綾也　　5700204  57.4   7.51411484  0                                
0817130911 51.9  1.1  0.0  2.0  0.0  0.0 55.000030182岩田康誠　　5700204  12.5   2.41411478+ 64 6                             
0817130912 48.0  0.2  0.0  0.0  0.0  0.0 48.200010553水口優也　　5700204  41.1   4.41411476+ 2                                
0817131001 56.0  0.4  0.0  0.0  0.0  0.0 56.402010438和田竜二　　5700204  26.5   3.31445472+ 2                                
0817131002 57.0  3.0  3.5  3.5  2.3  0.0 69.310070234Ｃ．ルメール5600204   2.5   1.11445460+ 8122                             
0817131003 55.9  0.6  0.0  0.0  0.0  0.0 56.500070334Ｖ．シュミノ5700204  22.7   3.61445500+10  6                             
0817131004 56.1  0.3  0.6  2.5  0.0  0.0 59.502010419幸英明　　　5600204   9.6   2.11445526+163 5                             
0817131005 60.0  2.7  2.9  3.0  3.3  0.0 71.900010460太宰啓介　　5600204   3.4   1.11445502+ 2211                             
0817131006 58.9  1.4  1.9  1.5  2.1  0.0 65.800070176Ｍ．デムーロ5500204   7.0   1.51445440- 6534                             
0817131007 55.2  1.9  2.8  0.0  0.0  0.0  0.000110512川田将雅　　5600204            1445                                      
0817131008 50.0  0.2  0.0  0.0  0.0  0.0 50.200010568岩崎翼　　　5700204  40.2   5.61445550+12                                
0817131009 59.0  1.8  2.9  2.0  2.0  0.0 67.700010435福永祐一　　5600204   5.0   1.31445466+ 2443                             
0817131010 50.0  0.1 -1.0  0.0  0.0  0.0 49.110010564菱田裕二　　5700204  76.0  16.11445478+10                                
0817131101 40.0  0.1 -1.0  0.0  0.0  0.0 39.102010436古川吉洋　　5600204 147.3  19.11517432+ 2                                
0817131102 41.0  0.3  0.0  0.0  0.0  0.0 41.300010438和田竜二　　5600204  21.4   3.01517472+ 8                                
0817131103 48.0  0.2  0.0  0.0  0.0  0.0 48.212010449武幸四郎　　5600204  39.8   5.11517474+ 4  6                             
0817131104 39.0  0.1 -1.0  0.0  0.0  0.0 38.100010574松若風馬　　5600204 204.5  27.21517482  0                                
0817131105 51.0  3.3  4.1  3.5  3.3  0.0 65.200070176Ｍ．デムーロ5600204   2.4   1.21517478+ 2111                             
0817131106 44.0  0.2 -1.0  0.0  0.0  0.0 43.210010419幸英明　　　5600204 111.0  10.11517460- 2                                
0817131107 47.1  2.1  2.5  3.0  2.3  0.0 57.000070334Ｖ．シュミノ5600204   3.8   1.41517514- 4222                             
0817131108 48.1  1.0  2.2  2.5  0.0  0.0 53.812010429柴田大知　　5700204   7.0   1.81517468+ 2394                             
0817131109 46.0  0.4  0.0  0.0  0.0  0.0 46.400010550高倉稜　　　5600204  24.0   3.91517428- 2                                
0817131110 44.0  1.4  0.7  2.0  2.2  0.0 50.302010435福永祐一　　5600204  12.2   2.21517458  0435                             
0817131111 36.0  0.2  0.0  0.0  0.0  0.0 36.200010536藤岡康太　　5600204  61.2   7.71517478  0                                
0817131112 36.0  0.2  0.0  0.0  0.0  0.0 36.200070329Ｓ．フォーリ5600204  68.4   8.71517492- 2                                
0817131113 38.0  0.6  1.1  0.0  0.0  0.0 39.700010535浜中俊　　　5600204  46.6   6.81517446+ 6                                
0817131114 41.0  1.2  1.9  0.0  0.0  0.0 44.100010355武豊　　　　5600204  10.2   2.71517524- 6                                
0817131115 47.0  1.1  2.5  1.5  2.1  0.0 54.200070234Ｃ．ルメール5600204  13.3   2.81517496+ 8543                             
0817131201 51.1  0.4 -1.0  0.0  0.0  0.0 50.500010390四位洋文　　5700304  16.3   2.91556510-14                                
0817131202 54.2  0.5  0.0  0.0  0.0  0.0 54.700010522北村友一　　5700304  18.3   3.51556468  0  6                             
0817131203 56.0  2.3  2.6  3.5  2.0  0.0 66.410070234Ｃ．ルメール5700304   2.8   1.31556500  0153                             
0817131204 52.0  0.2 -1.0  0.0  0.0  0.0 51.200010580荻野極　　　5403304  53.3   6.81556476+10                                
0817131205 53.0  0.7  3.2  2.5  2.2  0.0 61.600010578鮫島克駿　　5501304  14.2   2.71556440+ 4335                             
0817131206 43.0  0.4  0.0  0.0  0.0  0.0 43.400010455池添謙一　　5700304  43.1   8.11556502+12                                
0817131207 58.0  2.8  2.5  3.0  3.3  0.0 69.600010435福永祐一　　5700304   4.7   1.41556488- 4211                             
0817131208 57.1  3.1  3.1  1.5  2.1  0.0 66.901070334Ｖ．シュミノ5700304   4.4   1.61556456+ 6542                             
0817131209 46.0  0.1 -1.0  0.0  0.0  0.0 45.100010569城戸義政　　5402304  85.0   8.31556484- 2                                
0817131210 54.3  1.9  3.0  2.0  2.3  0.0 63.510070176Ｍ．デムーロ5600304   4.8   1.41556462  0424                             
0817131211 54.0  0.2  0.0  0.0  0.0  0.0 54.200010532荻野琢真　　5500304  68.0   5.91556428+ 2                                
