0617140101낸2017011111030245139142131 24  5 14 36             
0617140102낸2017011110120914145128131 20 23 19 6213 610       
0617140103낸2017011110321015142132134 20 18 14 4622           
0617140104낸2017011110210415152129133 16 23 21 5921 3A3       
0617140105낸2017011120120914147136126 18 15 24 60             
0617140106낸2017011110230225150136133 18 18 21 5623 305       
0617140107낸2017011110210415152130139 16 24 15 5131 305       
0617140108낸2017011110230215152138146 16 18  8 3633 305       
0617140109낸2017011110130214145136129 20 15 21 57             
0617140110낸2017011110230235148128133 19 26 19 6113 405       
0617140111괉2017010310130214145146151 20  5  0 17             
0617140112낸2017011110120914155134125 10 17 25 5933 505       
0617140113낸2017011110210415143134128 25 19 26 67             
0617140114낸2017011110221045152140128 15 13 24 5322 605       
0617140115낸2017011110230215154126132 14 25 22 6123 3A3       
0617140116낸2017011110230215152136129 16 19 25 6111 3A3       
0617140201낸2017011110221034149134127 18 15 25 5411 3A3       
0617140202낸2017011110230215147134142 21 21 12 4812 3A3       
0617140203낸2017011110230215154132138 14 23 16 5123 405       
0617140204낸2017011110210415148132131 20 22 23 6322 3A3       
0617140205낸2017011110230214140134149 28 22  5 3922 3A3       
0617140206낸2017011110220914146135132 22 19 22 56             
0617140207낸2017011110230214148134139 20 20 15 4633 305       
0617140208낸2017011110130214154136133 11 15 17 4623 605       
0617140209낸2017011110130214153133125 12 18 25 61             
0617140210낸2017011110330216149139134 13 11 14 3833 405       
0617140211낸2017011110110454150136128 14 14 20 51             
0617140212낸2017011110220915146134149 22 21  5 3831 3A3       
0617140213낸2017011120110414147132130 18 19 20 5822 6A3       
0617140214낸2017011110230234141124129 26 29 23 6923 410       
0617140215낸2017011110120914139134130 26 17 20 61             
0617140216낸2017011110221015151134136 17 21 18 5411 810       
0617140301낸2017011110220915144128134 24 26 20 6511 4A3       
0617140302낸2017011110210415151130140 17 22 14 4911 3A3       
0617140303낸2017011110230244154132130 13 21 22 5323 3A3       
0617140304낸2017011110230215140130138 28 24 16 6023 3A3       
0617140305낸2017011111010435143130123 20 16 22 5622 3A3       
0617140306낸2017011110211044136129138 31 24 14 5523 510       
0617140307낸2017011110110434138130133 26 20 15 5713 505       
0617140308낸2017011110230214152132137 16 22 17 4812 3A3       
0617140309낸2017011110230215143132138 25 23 16 5811 3A3       
0617140310낸2017011110330215140123126 22 26 22 6712 405       
0617140311낸2017011110230235150135133 17 19 19 5311 3A3       
0617140312낸2017011110330235138133128 23 13 18 49             
0617140313낸2017011110130224141126131 24 25 19 6721 505       
0617140314낸2017011111010415143130123 21 16 24 6022 3A3       
0617140315낸2017011110220915148138144 20 18 10 4133 3A3       
0617140316낸2017011110210426149134133 19 20 21 6111 6A3       
0617140401낸2017011111110414137130126 29 21 24 7211 3         
0617140402낸2017011120110414138135124 27 16 26 6921 410       
0617140403낸2017011110130244150130132 14 20 16 51             
0617140404낸2017011110220915149122138 19 30 16 6121 4A3       
0617140405낸2017011110120944150134125 14 16 23 57             
0617140406낸2017011111110414152130136 14 21 14 4931 3         
0617140407낸2017011110130244145132128 19 18 20 5823 3         
0617140408낸2017011110130214153151139 12  0 11 23             
0617140409낸2017011110230214144132130 24 20 24 61             
0617140410낸2017011110221035151136139 16 18 13 4323 3A3       
0617140411낸2017011111110444138130127 27 20 21 6631 3         
0617140412낸2017011110130214130130136 35 21 14 62             
0617140413낸2017011110230234141136142 26 18 10 4112 3A3       
0617140414낸2017011110211014149134143 19 20 11 4021 3         
0617140415낸2017011110230234145135135 22 19 17 4912 3         
0617140416낸2017011110220935158121144  9 30  8 4433 410       
0617140501낸2017011110210415142132135 26 23 19 6221 3A3       
0617140502낸2017011110110444142130126 22 20 22 6523 3A3       
0617140503낸2017011110230214144134127 24 17 27 62             
0617140504낸2017011110230224142130134 26 26 20 6311 3A3       
0617140505낸2017011120121014142134129 23 17 21 6123 3A3       
0617140506낸2017011120121014161138125  4 13 25 51             
0617140507낸2017011110230235142136135 25 19 17 5511 3A3       
0617140508낸2017011110230215141130136 27 24 18 6223 3         
0617140509낸2017011110220915152136134 16 17 20 5121 3A3       
0617140510낸2017011110210415142135132 26 18 22 6111 3A3       
0617140511낸2017011110220914146130135 22 26 19 5923 410       
0617140512낸2017011110230235151136139 16 19 13 4422 3         
0617140513낸2017011110230245146131134 21 22 18 56111210       
0617140514낸2017011110211015152138130 16 15 24 55             
0617140515낸2017011110230215146136133 22 18 21 5722 405       
0617140516낸2017011110210415152134131 16 20 23 5933 3A3       
0617140601낸2017011110430235148131126 11  8 15 3223 3A3       
0617140602낸2017011111110414157142121  9  9 29 5521 405       
0617140603낸2017011110110434150139125 14 11 23 5223 305       
0617140604낸2017011110210415152132140 16 24 14 5032 3A3       
0617140605낸2017011110210414148130132 20 26 22 6211 3         
0617140606낸2017011111020915146126127 18 20 20 5623 3         
0617140607낸2017011120110414149136131 16 15 19 52             
0617140608낸2017011110130214140134131 25 17 19 59             
0617140609낸2017011110130234142132131 22 18 17 56             
0617140610낸2017011111021035146138126 17  8 19 4221 4A3       
0617140611낸2017011110211034150130131 17 22 21 5411 505       
0617140612낸2017011111130244150140131 15 10 17 43             
0617140613낸2017011110120914140135131 25 16 19 58             
0617140614낸2017011110230235154134134 13 20 18 50             
0617140615낸2017011120110414131128139 34 23 11 5931 3         
0617140616낸2017011110130214146136127 19 15 23 5923 3A3       
0617140701낸2017011110210414133127136 35 27 18 6632 610       
0617140702낸2017011110320915136133132 26 17 16 52             
0617140703낸2017011110330215145132125 17 17 23 56             
0617140704낸2017011110720945144126125 18 23 20 63             
0617140705낸2017011110210415140132139 28 23 15 5823 6OP       
0617140706낸2017011110230235147134128 20 19 24 6211 616       
0617140707낸2017011110110414146131127 19 20 23 64             
0617140708낸2017011110310415144132127 18 17 21 54             
0617140709낸2017011110330216147136130 15 14 18 4813 3A3       
0617140710낸2017011110211015150132137 18 20 17 5222 405       
0617140711낸2017011110230215144124138 24 28 16 6231 405       
0617140712낸2017011110230215156142142 12 12 12 3323 405       
0617140713낸2017011110110414149137124 16 14 26 6123 610       
0617140714낸2017011110210425148134138 20 22 16 5323 3A3       
0617140715낸2017011110120914145130139 20 21 11 4923 3         
0617140716낸2017011110320916146127127 16 19 21 5823 716       
0617140801낸2017011110230215146122133 22 32 21 7121 505       
0617140802낸2017011120110414146132125 19 19 25 66             
0617140803낸2017011110130214151136120 14 15 30 6623 616       
0617140804낸2017011110130214147128134 18 23 16 5732 3A3       
0617140805낸2017011110230215135132128 33 24 26 77             
0617140806낸2017011111130214149134135 17 17 15 48             
0617140807낸2017011110721015138128126 25 21 21 66             
0617140808낸2017011110210415150133134 18 22 20 5811 3         
0617140809낸2017011110120914149141124 16 10 26 57             
0617140810낸2017011111130214144132137 22 19 13 50             
0617140811낸2017011110130214159141125  6 10 25 49             
0617140812낸2017011110210415148136135 20 15 19 5131 305       
0617140813낸2017011110130214139134127 26 17 23 65             
0617140814낸2017011110120944136130131 28 20 17 6133 3A3       
0617140815낸2017011110111014150134135 15 17 15 48             
0617140816낸2017011110330245148128126 13 21 20 5421 305       
0617140901낸2017011120130214150130123 15 21 27 68             
0617140902낸2017011110230215154138137 14 14 17 43             
0617140903낸2017011110230245151130135 16 25 17 5523 510       
0617140904낸2017011111121014145127122 22 26 31 8311 605       
0617140905낸2017011110230214159128125  9 22 29 61             
0617140906낸2017011110230235150136136 17 17 16 4721 405       
0617140907낸2017011110130214163152134  2  0 16 24             
0617140908낸2017011110230215153134133 15 21 21 57             
0617140909낸2017011110230214143132134 25 23 20 5923 3A3       
0617140910낸2017011111110414146131127 21 22 26 71             
0617140911낸2017011110230235149132133 18 21 19 5523 3A3       
0617140912낸2017011110130244147140126 17 10 22 52             
0617141001낸2017011111030245146127124 17 19 21 56             
0617141002낸2017011111110414151130129 15 21 21 5921 505       
0617141003낸2017011110130214140133138 25 18 12 50             
0617141004낸2017011111110414143129139 23 22 11 51             
0617141005낸2017011110230216146126128 22 25 26 7523 5OP       
0617141006낸2017011110110414153128132 12 23 18 5633 505       
0617141007낸2017011111110414141126129 26 27 24 7631 516       
0617141008낸2017011110230234158134133  9 21 19 4613 3A3       
0617141009낸2017011111230246153132124 12 18 21 5423 3A3       
0617141010낸2017011120130234143122128 21 28 20 69             
0617141011낸2017011111030216150130123 14 18 24 60             
0617141101낸2017011111130214157126125 10 27 28 72             
0617141102낸2017011111130214128122132 38 29 18 77             
0617141103낸2017011111121014154144126 13  9 27 55             
0617141104낸2017011111230226142128123 25 24 27 7733 3A3       
0617141105낸2017011111130214135122130 31 29 20 76             
0617141106낸2017011120130234134126128 30 24 20 7121 6OP       
0617141107낸2017011110330245144120131 17 30 15 58             
0617141108낸2017011111110414151127123 16 26 30 7831 4OP       
0617141109낸2017011111210416159134121  8 20 29 65             
0617141110낸2017011111110444138118134 28 34 17 75             
0617141111낸2017011111110414142134127 25 19 26 70             
0617141112낸2017011111210416146129126 20 21 21 62             
0617141113낸2017011110210415147130133 21 25 21 6421 405       
0617141114낸2017011111130214142128129 24 23 21 6721 3A3       
0617141201낸2017011110230214145124128 23 28 26 7123 510       
0617141202낸2017011110230215144134135 24 20 19 5823 7A3       
0617141203낸2017011110210414137127136 31 27 18 6432 610       
0617141204낸2017011110730215151128131 12 22 16 53             
0617141205낸2017011110210415151132137 17 22 17 5332 3A3       
0617141206낸2017011110230234146132131 21 22 21 5712 505       
0617141207낸2017011110230215149137136 19 18 18 52             
0617141208낸2017011110221015141127131 27 27 23 73             
0617141209낸2017011110230234146126135 21 28 17 5822 3A3       
0617141210낸2017011110130214154135123 11 16 27 6112 3         
0617141211낸2017011120130214144134125 21 17 25 65             
0617141212낸2017011110230235154142134 13 11 18 4123 505       
0617141213낸2017011110120914151132129 14 19 21 57             
0617141214낸2017011110130214155134118 10 17 32 68             
0617141215낸2017011110230214153132126 15 22 28 6323 405       
0617141216낸2017011110230214141124128 27 27 26 7323 610       
0717110101낸2017011111221034149136122 17 15 26 4932 6OP       
0717110102낸2017011111130214144136135 22 15 15 49             
0717110103낸2017011110220914144131135 24 23 19 5732 405       
0717110104낸20170111112302 4143129123 22 19 22 5012 510       
0717110105낸2017011111121014151144135 16  9 18 44             
0717110106낸2017011111210416148132121 18 18 26 65             
0717110107낸2017011111210414146134128 21 16 22 46             
0717110108낸2017011111110414141134128 26 19 25 7011 3A3       
0717110109낸2017011111130244141130127 24 20 21 6421 3A3       
0717110110낸2017011121110414150128126 17 25 27 73             
0717110111낸2017011111420916159132119  5 19 22 5321 3A3       
0717110112낸2017011111230216158125122  9 25 28 7021 3         
0717110113낸2017011111110414151132133 16 21 20 59             
0717110114낸2017011111110414149138128 17 13 22 5423 3A3       
0717110115낸2017011111130244143127126 23 25 25 7421 3         
0717110116낸2017011111210416150134134 17 18 16 5131 816       
0717110201낸2017011111110414155139128 12 14 25 56             
0717110202낸2017011110121014142132123 23 19 27 7121 3A3       
0717110203낸2017011111110434146131128 20 21 23 65             
0717110204낸2017011111130214146140136 21 13 17 4923 3         
0717110205낸2017011111211114145137119 21 14 28 5321 3A3       
0717110206낸2017011111710456152125122  8 19 15 4431 510       
0717110207낸2017011110110434141128133 23 22 15 5721 3A3       
0717110208낸2017011111210416144124131 22 25 16 6131 3A3       
0717110209낸2017011111220914136127131 30 24 16 5111 3A3       
0717110210낸2017011111110414153140128 14 13 25 56             
0717110211낸2017011111211116153132133 13 19 14 4633           
0717110212낸2017011111221016152141123 14 11 24 53             
0717110213낸2017011111210416159128130  8 22 20 5531 3A3       
0717110214낸2017011111110414150140138 16 11 12 3733 3A3       
0717110215낸2017011110230245144132131 23 21 21 6223 405       
0717110216낸2017011111221036148127122 17 23 23 6532 516       
0717110301낸2017011110230215152117142 16 34 12 5832 3A3       
0717110302낸2017011111230216154129129 13 25 21 6223 305       
0717110303낸2017011111110434157144129  8  6 19 3733 3         
0717110304낸2017011111420946148130117 14 18 19 53             
0717110305낸2017011111110414145130124 22 23 29 77             
0717110306낸2017011111110414152138129 15 15 24 58             
0717110307낸2017011110210415152127134 16 24 20 5931 3A3       
0717110308낸2017011111110414147132130 19 19 20 58             
0717110309낸2017011111130214147145133 20  8 20 48             
0717110310낸2017011111030215146124125 18 23 22 62             
0717110311낸2017011111130234159150136  7  2 15 27             
0717110312낸2017011111110414136128133 31 25 20 72             
0717110313낸2017011110730215146140134 17 11 13 40             
0717110314낸2017011111130214151134126 16 19 27 66             
0717110315낸2017011110230214150133136 18 23 18 52             
0717110316낸2017011111110414141132133 26 21 20 6511 3A3       
0717110401낸2017011110230235155136130 12 17 22 5211 605       
0717110402낸2017011111021025135129118 29 19 29 74             
0717110403낸2017011111220936149134121 16 17 24 60             
0717110404낸2017011110230215150127137 18 25 17 57             
0717110405낸2017011111110434163126126  3 26 25 63             
0717110406낸2017011110210435149122138 18 30 14 5722 3         
0717110407낸2017011111130234149144131 16  6 17 39             
0717110408낸2017011110730235152132129 10 17 16 46             
0717110409낸2017011110730235146139137 16 11  8 33             
0717110410낸2017011111230236144126124 21 24 21 66             
0717110411낸2017011111830234142123123 28 19 17 6032 7A3       
0717110412낸2017011110220935148136130 19 17 22 5723 605       
0717110413낸2017011110730236144139143 18  9  2 24             
0717110414낸20170111145   30                                  
0717110501낸2017011110130214146137131 19 14 19 53             
0717110502낸2017011110220916138137134 30 17 20 63             
0717110503낸2017011111230235140122131 25 29 14 56             
0717110504낸2017011110721035146128124 16 21 21 61             
0717110505낸2017011111210436148119125 18 31 23 74             
0717110506낸2017011110221015149133129 19 23 25 66             
0717110507낸2017011110230235154144134 13  9 18 3923 410       
0717110508낸2017011111230236145134125 21 19 23 64             
0717110509낸2017011110720935140125124 22 25 21 68             
0717110601낸2017011110110414150134124 15 17 26 63             
0717110602낸2017011111120914153128123 13 23 27 69             
0717110603낸2017011111121014153128132 14 25 21 63             
0717110604낸2017011111730235148128126 12 16 11 35             
0717110605낸2017011111110414143130128 24 23 25 72             
0717110606낸2017011110230215158136142 10 19 12 3932 3A3       
0717110607낸2017011110221035152142128 15 12 24 5222 3A3       
0717110608낸2017011110320935144126130 17 23 16 53             
0717110609낸2017011111130244149134120 17 18 31 72             
0717110610낸2017011120121014145130130 20 21 20 6221 3A3       
0717110611낸2017011111110414141131131 26 22 22 6822 3A3       
0717110612낸2017011111110414149128125 17 23 25 68             
0717110613낸2017011111120914136132133 30 19 17 61             
0717110614낸2017011121110414150130127 16 21 23 6311 505       
0717110615낸2017011110721015138123127 25 27 20 71             
0717110616낸2017011120110414140131129 25 20 21 6532 405       
0717110701낸2017011111210456160132122  6 20 26 6031 3A3       
0717110702낸2017011111210416157126120 10 26 30 7411 3A3       
0717110703낸2017011111110414146127134 20 24 16 5833 3OP       
0717110704낸2017011111221016148132121 19 19 29 7133 3A3       
0717110705낸2017011120130244151140126 13 10 22 4922 605       
0717110706낸2017011111110434149132122 16 18 26 6431 3A3       
0717110707낸2017011111211234147135119 19 16 29 5521 3A3       
0717110708낸2017011111221016160138120  7 13 30 59             
0717110709낸2017011111130214152132123 14 19 27 65             
0717110710낸2017011111110414150129126 17 24 27 7233 3A3       
0717110711낸2017011110310415144133132 18 17 16 4731 3A3       
0717110712낸2017011111130214151142150 15  9  0 18             
0717110713낸2017011110230215156136140 12 18 14 4123 3A3       
0717110714낸2017011110130214142136138 23 15 12 46             
0717110715낸2017011110230215152130134 16 24 20 59             
0717110716낸2017011111210436142136128 24 17 20 5912 405       
0717110717낸2017011110230245158138134  9 13 18 4111 510       
0717110718낸2017011111130234143136135 23 16 16 5223 605       
0717110801낸2017011110210425149134133 19 20 21 58             
0717110802낸2017011111210436141130130 24 19 15 5412 3A3       
0717110803낸2017011111130244147139123 19 13 28 64             
0717110804낸2017011111410416150133113 13 15 25 58             
0717110805낸2017011111021035133128122 30 17 23 65             
0717110806낸2017011110210425160136127  8 16 27 5623 3A3       
0717110807낸2017011111110434140128128 26 24 23 7231 405       
0717110808낸2017011111710415160131119  1 15 20 40             
0717110809낸2017011110220915155136133 13 17 21 51             
0717110810낸2017011110220935148141133 19 13 19 48             
0717110811낸2017011110130214143132126 22 19 24 66             
0717110812낸2017011110210435150132128 17 21 24 62             
0717110813괉2017011011220916157128128 11 27 22 64             
0717110814낸2017011110230215138130137 30 23 17 6213 510       
0717110815낸2017011110210415154140138 14 16 16 44             
0717110816낸2017011110330215144143127 18  7 21 4423 405       
0717110901낸2017011110211015158132126 10 24 28 6622 716       
0717110902낸2017011110210415146128133 22 28 21 6821 510       
0717110903낸2017011111230215123126132 44 26 18 71             
0717110904낸2017011110130214153129129 12 22 21 5911 716       
0717110905낸2017011111110414142125131 25 28 22 7411 605       
0717110906낸2017011111130214142137130 25 16 23 63             
0717110907낸2017011111110414152130127 14 21 23 6221 616       
0717110908낸2017011110230215144132131 24 23 23 6723 3A3       
0717110909낸2017011110330215161142123  1  6 25 38             
0717110910낸2017011111230216153136128 14 18 22 5733 3         
0717110911낸2017011110130214149136131 16 15 19 5223 505       
0717110912낸2017011110211044142134136 25 19 16 5033 405       
0717110913낸2017011111710416151133121 10 13 18 43             
0717110914낸2017011120120934149137124 15 13 24 5623 3A3       
0717110915낸2017011111120914151142125 15  9 25 53             
0717110916낸2017011111121034145126124 20 24 24 7011 405       
0717110917낸2017011110230215158134131 10 18 23 5311 305       
0717110918낸2017011111110434152126128 14 26 23 67             
0717111001낸2017011111110414148132131 19 21 22 63             
0717111002낸2017011111030215132121121 32 27 26 80             
0717111003낸2017011110230214161140139  7 16 15 34             
0717111004낸2017011111110414139126131 28 27 22 7533 4A3       
0717111005낸2017011111230216149135126 18 19 24 64             
0717111006낸2017011111130214139126130 27 25 20 6911 3A3       
0717111007낸2017011110230214143128128 25 24 26 68             
0717111008낸2017011110230235156136138 11 19 14 4223 3A3       
0717111009낸2017011111110444148132124 18 20 27 69             
0717111010낸2017011111130214154130123 12 21 27 66             
07171110112017010811130214127124130 40 28 21 81             
0717111012낸2017011111110414145131126 22 22 27 73             
0717111013낸2017011110220914146130132 22 24 22 6133 410       
0717111014낸2017011110230215151134134 17 21 20 5623 3A3       
0717111015낸2017011111121034138130129 27 20 19 6333 610       
0717111016낸2017011111211235140128117 25 20 28 67             
0717111017낸2017011111110414158140121  8 11 29 5621 3         
0717111018낸2017011111130224155124127 11 27 23 6611 3OP       
0717111101낸2017011111020915141130119 23 20 28 70             
0717111102낸2017011121110414142130129 25 23 24 7231 3A3       
0717111103낸2017011111130214172133127  0 18 23 50             
0717111104낸2017011110221015152136127 16 18 27 63             
0717111105낸2017011111730235144122116 16 24 21 59             
0717111106낸2017011111230216150129132 17 22 18 58             
0717111107낸2017011111210416142132123 24 18 24 66             
0717111108낸2017011111211136149129122 17 23 26 6933 410       
0717111109낸2017011110130214153134119 12 17 31 6823 510       
0717111110낸2017011111110414146126122 20 25 28 76             
0717111111낸2017011111130234154136128 11 14 20 49             
0717111112낸2017011111110414139134125 27 17 25 68             
0717111113낸2017011111230216154132126 12 20 21 56             
0717111114낸2017011111130234153128126 12 22 22 60             
0717111115낸2017011110230215144134135 24 20 19 58             
0717111201낸2017011111110414138134128 28 17 22 65             
0717111202낸2017011110110414136130139 29 21 11 54             
0717111203낸2017011111110414132124131 35 29 22 8111 510       
0717111204낸2017011110110414141128130 24 23 20 66             
0717111205낸2017011110230214149130128 19 26 26 6721 7OP       
0717111206낸2017011110230214140126138 28 29 16 61             
0717111207낸2017011110230215144126133 24 28 21 6822 610       
0717111208낸2017011111130214145133124 22 20 29 74             
0717111209낸2017011111110414152128136 14 23 14 51             
0717111210낸2017011111110414152145124 15  8 29 58             
0717111211낸2017011110220915135130139 33 25 15 6331 9OP       
0717111212낸2017011111110414143131128 24 22 25 7132 3A3       
0717111213낸2017011111110414151126132 16 27 21 66             
0717111214낸2017011110110414153122124 12 29 26 73             
0717111215낸2017011111230416149128127 18 25 23 68             
0717111216낸2017011111110414149130130 17 21 20 59             
0817140101낸2017011111110414150138127 17 15 26 6231 3A3       
0817140102낸2017011111210446154134126 12 18 22 56             
0817140103낸2017011111110414145132126 22 21 27 72             
0817140104낸2017011111110414149134137 18 19 16 5231 3A3       
0817140105낸2017011111110434154138129 12 14 22 52             
0817140106뒞2017011211531435134136151 15 14  0 23             
0817140107낸2017011111210436145130128 21 22 20 6231 410       
0817140108佳01701130B1 16 0                                  
0817140109낸2017011111130244152132133 14 20 18 5431 405       
0817140110낸2017011111110414137126137 30 27 16 6731 3A3       
0817140111낸2017011111210446155136125 11 17 23 5631 3A3       
0817140112佳01701130A1 16 0                                  
0817140113낸2017011111210416153129123 14 23 27 6911 3A3       
0817140114낸2017011111210416141128131 26 25 19 67             
0817140201낸2017011111210436149137132 17 15 16 4731 3         
0817140202낸2017011111110414145132130 22 21 23 66             
0817140203낸2017011111110414146136124 21 17 29 70             
0817140204낸2017011111210446141128130 25 24 18 6432 3A3       
0817140205낸2017011111130214141140145 26 13  8 40             
0817140206낸2017011111210416155134124 12 19 26 6233 3         
0817140207낸2017011111130214150142130 17 11 23 53             
0817140208낸2017011111110414142131127 25 22 26 73             
0817140209낸2017011111110414144136129 23 17 24 6433 3A3       
0817140210낸2017011111110414142126125 25 27 28 81             
0817140211낸2017011111210416155134123 12 18 27 6321 3         
0817140212낸2017011111410416137132120 26 17 18 58             
0817140213낸2017011111210437145134135 20 16 10 42             
0817140214낸2017011111110414140128142 26 23  8 5031 3A3       
0817140215낸2017011111110414142132134 24 19 16 5631 3A3       
0817140216낸2017011111210436155132125 11 20 23 5911 3A3       
0817140301낸2017011111110414140127136 27 26 17 6633 505       
0817140302낸2017011111110414146136130 20 15 20 55             
0817140303낸2017011111110414147129125 20 24 28 75             
0817140304낸2017011111130214147138130 20 15 23 59             
0817140305낸2017011111230236163134120  3 19 28 6011 3A3       
0817140306낸2017011111120914152138126 15 15 27 62             
0817140307낸2017011111130244143132130 22 18 18 5623 3         
0817140308낸2017011111210416156133130 11 20 20 5431 3         
0817140309낸2017011111120934144132123 21 18 25 6611 510       
0817140310낸2017011111120914138132132 29 21 21 68             
0817140311낸2017011111110414137136138 30 17 15 5631 3A3       
0817140312낸2017011111121014139130139 28 23 14 59             
0817140313뒞2017011211130214151137135 15 16 17 49             
0817140314낸2017011121110414156144126 10  7 24 47             
0817140315낸2017011111110414139136136 28 17 17 58             
0817140316낸2017011111210415142138123 24 12 24 53             
0817140401낸2017011111230236153134120 12 17 25 5932 410       
0817140402낸2017011111110414145139127 21 12 23 5711 3A3       
0817140403낸2017011111210436147129128 18 20 17 5511 3         
0817140404낸2017011111130214155139128 11 12 22 49             
0817140405낸2017011111221014143125121 23 26 26 6331 410       
0817140406낸2017011111110444151140135 14 10 13 37             
0817140407낸2017011111130234146140135 19 10 13 4023 3A3       
0817140408낸2017011111230636160130119  5 19 26 5813 405       
0817140409낸2017011111110414151130132 15 21 18 5511 3         
0817140410낸2017011111210446150130138 15 18  7 3731 3         
0817140411낸2017011111110414140131129 26 20 21 6511 3         
0817140412낸2017011111110414141128127 25 23 23 70             
0817140413낸2017011111221036146132130 19 19 15 5211 3         
0817140414낸2017011111130234152140129 13 10 19 44             
0817140415낸2017011111110434146138126 19 12 22 54             
0817140416낸2017011111110414154130131 12 21 19 5511 405       
0817140501낸2017011111130214142130130 24 21 20 6313 505       
0817140502낸2017011111130214149146134 18  7 19 44             
0817140503낸2017011111210516142130146 24 19  1 3531 405       
0817140504낸2017011111121014146138135 21 15 18 53             
0817140505낸2017011111230216154137123 12 14 24 5533 3         
0817140506낸2017011111111114148134137 18 17 13 4611 3A3       
0817140507낸2017011111210416139136132 28 18 18 60             
0817140508낸2017011111130214150136128 17 17 25 6221 3A3       
0817140509낸2017011111130214139134125 28 19 28 75             
0817140510낸2017011111710436143121119 17 23 18 5832 3         
0817140511낸2017011111230246155140135 10 11 10 3113 3         
0817140512낸2017011121110414143128131 23 23 19 6311 616       
0817140513낸2017011111230216145134121 22 20 29 73             
0817140514낸2017011111110454136134121 30 18 30 7811 3         
0817140515낸2017011111130214151144125 15  7 25 5132 505       
0817140516낸2017011111230614141139118 25 11 29 5413 305       
0817140601낸2017011111110414145132131 22 21 22 6531 3A3       
0817140602낸2017011111130234154134130 12 18 21 55             
0817140603낸2017011111110414144122124 22 29 26 79             
0817140604괉2017011011220916154128124 14 27 26 7222 516       
0817140605낸2017011111210446145138120 21 15 28 6611 610       
0817140606낸2017011111210414150128124 17 24 26 58             
0817140607낸2017011111531416132118138 28 32 11 64             
0817140608낸2017011111211216155131118 12 23 32 75             
0817140609낸2017011111110414151127129 16 26 24 69             
0817140610낸2017011111110434136130127 29 20 21 6711 3A3       
0817140611낸2017011111230216147129121 19 20 26 6821 410       
0817140612낸2017011111110414147129127 19 22 23 66             
0817140613낸2017011111130214159134123  8 19 30 6622 305       
0817140614낸2017011111110414146131130 20 20 20 60             
0817140615낸2017011111110414143133126 23 18 24 65             
0817140616낸2017011111210415152143122 15 10 28 5131 3         
0817140701낸2017011111221015160146129  7  7 21 33             
0817140702낸2017011111230216145142126 21 10 21 52             
0817140703낸2017011111710416155126115  6 21 24 5711 3         
0817140704낸2017011111210436145130127 21 19 21 6123 3         
0817140705낸2017011111110414153138124 13 13 26 5731 3A3       
0817140706낸2017011111730215145120121 16 26 18 5721 3         
0817140707낸2017011111230216159128122  8 25 28 6933 3         
0817140708낸2017011111130224139130128 28 23 25 7512 605       
0817140709낸2017011111230237144137132 22 14 16 50             
0817140710낸2017011111110414137130135 30 23 18 66             
0817140711낸2017011111110414138130137 29 23 16 6331 3         
0817140712낸2017011110330215156133123  6 17 25 52             
0817140713낸2017011111120914150131124 16 20 26 6633 3A3       
0817140714낸2017011111730236151128123  9 16 14 40             
0817140715낸2017011111110414144134130 23 19 23 65             
0817140716낸2017011111210416145133119 22 21 31 78             
0817140801낸2017011111121014139130133 27 21 17 6133 405       
0817140802낸2017011111130214148140132 19 13 21 5431 3A3       
0817140803낸2017011111230216152130125 15 22 25 66             
0817140804낸2017011111110414150125134 17 28 19 65             
0817140805佳01701130B1 16 0                                  
0817140806낸2017011111130214146136125 20 15 25 62             
0817140807낸2017011111230217144133131 22 16 16 52             
0817140808괉2017011011130214166147135  1  5 16 27             
0817140809낸2017011111120914157132127  9 19 23 57             
0817140810낸2017011111130214155138126 12 15 27 60             
0817140811佳01701130B1 16 0                                  
0817140812낸2017011111120914153144127 13  7 23 4713 3A3       
0817140813낸2017011111111114148136127 18 15 23 58             
0817140814낸2017011111721016155120120  6 27 19 56             
0817140815낸2017011111121014139132130 27 19 20 63             
0817140816낸2017011111110414150132130 17 21 23 6313 3A3       
0817140901낸2017011111110434152131131 14 21 20 5711 7OP       
0817140902낸2017011111230246145136123 21 15 25 63             
0817140903낸2017011111210414131130131 36 21 19 56             
0817140904낸2017011111110444143130121 23 22 30 7833 305       
0817140905낸2017011111130214161144141  6  9 12 29             
0817140906낸2017011111130214151138127 15 13 23 54             
0817140907낸2017011111111114148129135 18 22 15 54             
0817140908낸2017011111230634141137118 24 11 27 5033 3A3       
0817140909낸2017011111110414137130143 30 23 10 5531 710       
0817140910낸2017011111230216146132128 21 19 22 6332           
0817141001낸2017011110230214150130130 18 24 24 6221 3         
0817141002낸2017011111210416155131122 11 19 25 6132 410       
0817141003낸2017011111121014147135129 20 18 24 64             
0817141004낸2017011111211015162128124  4 22 23 50             
0817141005낸2017011111120914164138122  2 13 28 53             
0817141006낸2017011111110414139126130 28 27 23 76             
0817141007낸2017011111230236145127124 21 24 24 70             
0817141008낸2017011111110414156131131 10 20 19 5331 3A3       
0817141009낸2017011111221014142134124 24 17 23 5033 3A3       
0817141010낸2017011111130214145132122 21 19 28 7111 510       
0817141011낸2017011111220216149124123 17 27 24 71             
0817141012낸2017011111130234153134122 12 16 26 60             
0817141013낸2017011111130234154136121 11 14 27 58             
0817141101낸2017011111110414138125136 28 26 14 6211 616       
0817141102낸2017011110230215138124139 30 30 15 66             
0817141103낸2017011111110414141123123 25 28 27 81             
0817141104낸2017011110230214152134134 16 20 20 50             
0817141105낸2017011110230244132132133 35 22 19 6323 610       
0817141106낸2017011111110414133123130 33 28 20 7611 7OP       
0817141107낸2017011111110414144132127 22 19 23 64             
0817141108낸2017011111230236150122123 15 25 22 64             
0817141109괉2017011011220916156128124 11 24 23 6322 405       
0817141110낸2017011111211115142128123 25 26 27 72             
0817141111낸2017011111120914144132131 22 19 19 59             
0817141112낸2017011111110414140126132 26 25 18 66             
0817141113낸2017011110330216147120127 15 26 21 6422 405       
0817141114낸2017011111130234140128125 25 22 23 69             
0817141201낸2017011111210416147127128 20 24 22 67             
0817141202낸2017011111110414146132127 20 19 23 6331 405       
0817141203낸2017011111120914149133132 17 18 18 53             
0817141204낸2017011111210416144130123 22 22 24 6811 3A3       
0817141205낸2017011111210416155145120 12  7 30 5621 505       
0817141206낸2017011111710416144130118 17 15 21 54             
0817141207낸2017011111110414141128130 25 23 20 66             
0817141208낸2017011111130214147134122 19 17 28 6823 505       
0817141209낸2017011111120914144129128 23 24 25 73             
0817141210낸2017011111110434140128127 25 22 21 6631 405       
0817141211낸2017011111230237146133124 20 18 24 6411 505       
0817141212낸2017011111110414134126127 33 27 26 83             
0817141213낸2017011111110414145129128 22 24 25 7231 816       
0817141214낸2017011111130214146129126 21 24 27 74             
0817141215낸2017011111130214143136122 23 15 28 68             
0817141216낸2017011111221016153136119 14 18 31 7013 3         
