0617110101佳016123010110414149128124 14 21 23 6223 2A3       
0617110102늧2016123110720915142133129 21 18 18 5532 310       
0617110103깵2017010210230214160152141  7  0 12 14             
0617110104깵2017010220130214143135129 22 16 21 59             
0617110105깵2017010220110414137125140 28 26 10 5731 3         
0617110106깵2017010210230214148148155 19  6  0 10             
0617110107늧2016123110130214152138123 15 16 31 68             
0617110108佳016123010320915142134129 20 15 19 5132 2A3       
0617110109낸2017010411030234141142133 22  4 12 2733 3         
0617110110괉2017010310130214146130128 19 21 22 64             
0617110111낸20161228101302 4143133137 22 18 13 502            
0617110112괉2017010310120914166140135  0 11 15 3232 3         
0617110113늧2016123110220915151135130 14 15 21 5032 2A3       
0617110114깵2017010210230214139132141 28 21 12 4832 510       
0617110115깵2017010210130214141132129 24 19 21 6311 716       
0617110116괉2017010310130214158144132  7  7 18 37             
0617110201괉2017010310110414154134127 11 17 23 5623 305       
0617110202늧2016123110221014145127136 20 25 15 5123 205       
0617110203괉2017010310230214155126135 12 27 18 5322 6OP       
0617110204괉2017010310330215148128136 16 22 15 49             
0617110205괉2017010311020915152132128 11 14 18 43             
0617110206깵2017010210130214146140131 19 11 19 49             
0617110207괉2017010310330215154137120 10 14 31 6023 616       
0617110208佳016123010210434156138131 10 15 20 4231 2A3       
0617110209괉2017010310220915145134131 22 17 22 5822 610       
0617110210낸2016122810230214141134141 28 21 14 5113 2A3       
0617110211괉2017010310330245134130136 29 21 13 5423 505       
0617110212깵2017010210230234161147139  5  5 12 1822 616       
0617110213깵2017010210130214155146131 10  5 19 38             
0617110214낸20161228201104 4158136123  7 15 27 571            
0617110215괉2017010310730215144128135 22 23 15 5723 3A3       
0617110216괉2017010310230235143131132 23 20 19 57             
0617110301깵2017010210130214143136130 22 15 20 57             
0617110302깵2017010211110444133128134 29 19 10 5031 305       
0617110303깵2017010210121044145132128 19 18 20 5822 305       
0617110304괉2017010310330235146140127 17 10 22 4812 3A3       
0617110305괉2017010310130214150140133 15 11 17 44             
0617110306佳016123010210414143128141 24 24 12 4723 510       
0617110307깵2017010210210416142124140 25 28 13 6122 3A3       
0617110308깵2017010210220945144126132 22 23 19 6033 8OP       
0617110309깵2017010220121034150132124 14 18 24 6033 405       
0617110310깵2017010210130214152138124 13 13 26 5822 405       
0617110311낸20161228101302 4141142134 24  9 16 462            
0617110312괉2017010310110414145127133 20 24 17 6022 510       
0617110313괉2017010310331413128133    23 18                   
0617110314깵2017010211110414150136125 13 12 21 49             
0617110315깵2017010210221015156134132 11 20 21 5323 610       
0617110316괉2017010310331414115130132 36 21 19 61             
0617110401괉2017010310210414149132134 18 23 19 54             
0617110402늧2016123110230214138130133 27 21 18 56             
0617110403괉2017010310330234160146133  3  6 16 23             
0617110404낸20161228201302 4144128126 21 23 24 692            
0617110405깵2017010220130214151134125 14 17 25 6112           
0617110406괉2017010320110414148132121 17 19 29 70             
0617110407깵2017010210710415148133123 15 18 25 62             
0617110408괉2017010310210446147136141 19 17 10 4323 605       
0617110409늧2016123110330235152130126 11 17 22 51             
0617110410괉2017010310221014149134133 18 21 20 53             
0617110411깵2017010210221035154131125 12 20 26 61             
0617110412깵2017010210230215154134132 13 19 21 5322 3         
0617110413깵2017010210230224149128129 18 24 24 6122 305       
0617110414깵2017010210220914143132130 24 22 23 61             
0617110415괉2017010320130214156144130  9  7 20 41             
0617110416괉2017010310230214151138134 16 17 19 4623 616       
0617110501늧2016123110221015149126132 16 25 19 5923 205       
0617110502괉2017010310211015149130134 18 20 19 5523 405       
0617110503깵2017010220130214158138125  7 13 25 53             
0617110504낸2017010410230213160160126  7  0 27 32             
0617110505괉2017010310130214147132125 18 19 25 6523 3A3       
0617110506낸2017010410320914157160127  7  0 23 29             
0617110507괉2017010310230213144144136 23  6 17 34             
0617110508괉2017010310230234154135134 12 17 17 4123 3A3       
0617110509낸201701040A1 99 0                                  
0617110510佳016123020130214155138119  8 11 28 55             
0617110511깵2017010210221036142124140 24 27 11 5621 3         
0617110512낸2016122810210425146128125 23 24 30 7711 2         
0617110513괉2017010310130244144132125 20 18 23 6322 516       
0617110514낸2016122810230214151142134 19 16 24 54             
0617110515낸2016122810230215152135138 17 20 17 5112 205       
0617110516괉2017010310221034145132135 21 21 16 4923 405       
0617110601늧2016123110330215142130128 22 21 22 6223 610       
0617110602괉2017010310110414143128133 22 23 17 6022 405       
0617110603깵2017010211121034148142127 14  5 17 37             
0617110604깵2017010210230215152134134 15 19 19 52             
0617110605깵2017010210130234150134131 14 16 17 4923 505       
0617110606괉2017010310130214157137127  8 14 23 5121 3A3       
0617110607괉2017010320130214149136128 16 15 22 56             
0617110608깵2017010210221024136141127 31 14 26 62             
0617110609괉2017010310130214162156147  3  0  3  6             
0617110610괉2017010310230214150133130 17 20 23 5623 3OP       
0617110611깵2017010210130214140134125 25 17 25 67             
0617110612깵2017010210330214147155129 17  0 22 34             
0617110613깵2017010210221015148132137 19 20 16 51             
0617110614佳016123010220935146127129 20 24 22 6311 2A3       
0617110615늧2016123110230214146125136 19 26 15 5222 2A3       
0617110616괉2017010310230243132132129 34 18 22 59             
0617110701괉2017010310210416148136139 19 18 14 4931 716       
0617110702괉2017010310210414164131132  3 23 21 4823 3A3       
0617110703괉2017010310220914140132136 27 20 17 53             
0617110704괉2017010310130214162151139  3  0 11 18             
0617110705괉2017010310310415154128131 10 26 20 57             
0617110706괉2017010310230244147134135 19 20 16 4722 3A3       
0617110707깵2017010210730214149148149 14  2  0 10             
0617110708괉2017010310230215150129134 17 24 19 5811 3A3       
0617110709깵2017010210221015145134129 22 20 24 64             
0617110710괉2017010310130214157141130  8 10 20 4323 505       
0617110711낸2016122810130214153136122 13 17 31 68             
0617110712낸2017010410620915150139140 13 16 16 47             
0617110713괉2017010310210416144128132 23 24 21 6722 610       
0617110714괉2017010310220914147134132 20 18 21 52             
0617110715깵2017010210130234151136132 13 14 16 4523 305       
0617110716괉2017010310230213142142126 25 13 27 56             
0617110801괉2017010310320915149127135 15 26 16 5423 405       
0617110802늧2016123110710415136133124 27 18 23 66             
0617110803깵2017010210221044134128135 32 23 16 5813 410       
0617110804늧2016123110720915140133125 23 16 22 6012 2A3       
0617110805낸2016122810210415132132139 38 24 19 7133 205       
0617110806늧2016123110210415142132128 23 18 23 6211 310       
0617110807괉2017010310221015150132142 17 21 11 4423 616       
0617110808괉2017010310130214153142126 12  9 24 50             
0617110809괉2017010310230213139139136 28 14 17 45             
0617110810깵2017010210230215157134132 10 21 21 5322 3         
0617110811괉2017010310730214160146141  6  7  9 23             
0617110812늧2016123110330215142118128 22 30 22 7123 205       
0617110813괉2017010310230213139139138 28 15 15 43             
0617110814깵2017010210230214139132141 28 22 12 4832 510       
0617110815괉2017010310230214143134130 24 16 23 56             
0617110816깵2017010211020915144124129 20 23 18 5721 505       
0617110901괉2017010311130244159144135  5  5 11 23             
0617110902괉2017010311130214173145122  0  5 26 42             
0617110903깵2017010210130234157136120  7 14 28 58             
0617110904괉2017010310230214165138140  2 12 13 25             
0617110905늧2016123120130214141130123 25 22 28 7511 205       
0617110906늧2016123110330215144120128 20 29 22 6923 310       
0617110907깵2017010210230215141126136 26 28 17 64             
0617110908깵2017010211130214141128129 22 20 17 57             
0617110909깵2017010210230215152127132 15 25 21 6112 610       
0617110910괉2017010310130214150140122 15 11 28 60             
0617110911깵2017010210130214144134121 21 17 29 71             
0617110912괉2017010310230214150131130 17 22 23 5723 305       
0617110913깵2017010210120934145130127 19 20 21 6122 3         
0617110914늧2016123110110414151136128 15 16 23 56             
0617110915깵2017010210221034147127129 19 24 22 5923 405       
0617110916늧2016123110230215146124132 19 26 19 6222 2A3       
0617111001괉2017010310230215150134142 17 20 11 4322 510       
0617111002낸201701040A1 99 0                                  
0617111003괉2017010310330215158138120  6 13 31 5723 3A3       
0617111004괉2017010310721014145134127 21 19 23 63             
0617111005깵2017010210320915147130121 17 22 30 71             
0617111006佳016123010730215146136130 18 12 19 49             
0617111007괉2017010310130214156142126  9  9 24 48             
0617111008깵2017010210221014153137139 14 15 14 3623 3A3       
0617111009깵2017010210110414140131130 25 20 20 6333 3A3       
0617111010괉2017010310220944152150135 14  2 16 26             
0617111011깵2017010211210416144130126 24 21 22 6721 3A3       
0617111012괉2017010310230234153134134 13 19 17 4423 405       
0617111013괉2017010310230214149143140 18  9 13 31             
0617111101괉2017010310230215152128127 15 25 26 6723 510       
0617111102깵2017010210210416137126136 30 27 17 69             
0617111103괉2017010310730214160146144  6  8  6 19             
0617111104괉2017010310230214148131134 19 22 19 54             
0617111105깵2017010210230215144126130 23 25 23 6812 3         
0617111106깵2017010211230215172132115  0 22 33 61             
0617111107괉2017010311230214135140120 31 13 27 56             
0617111108깵2017010210230216152127136 15 23 17 56             
0617111109괉2017010310230233139139138 27 13 13 37             
0617111110괉2017010311130214156150140  9  0  8 17             
0617111111낸2016122810230214150146139 19  9 16 3623 2A3       
0617111112괉2017010310130214153141126 12 10 24 51             
0617111113괉2017010310220914152125135 15 29 18 5723 3A3       
0617111201깵2017010211230246149134125 18 17 21 5823 405       
0617111202깵2017010210221015154128131 13 25 22 6133 3OP       
0617111203괉2017010320130234146134130 18 16 18 5213 7A3       
0617111204깵2017010210310415140138130 24 14 21 55             
0617111205괉2017010320130214148131129 17 20 21 60             
0617111206괉2017010310230215150129128 17 22 25 64             
0617111207늧2016123110220914140128138 25 24 13 51             
0617111208괉2017010310221014153141132 14 12 21 43             
0617111209괉2017010310130214162150151  3  1  0  3             
0617111210괉2017010310130214149136123 16 15 27 63             
0617111211괉2017010310230214150127134 17 27 19 57             
0617111212괉2017010310130214146132133 19 19 17 55             
0617111213괉2017010310230215154132127 13 21 26 6323 7OP       
0617111214괉2017010310130234146136128 18 14 20 53             
0617111215늧2016123110220915152128130 13 24 21 5832 2A3       
0617111216낸201701040A1 99 0                                  
0817110101깵2017010211130234149132128 13 15 16 4532 605       
0817110102깵2017010211130234145131118 17 16 26 63             
0817110103괉2017010311130214163147128  2  3 20 32             
0817110104괉2017010311210416146125141 20 25  6 4611 510       
0817110105괉2017010311210416149128138 17 22  9 4531 3         
0817110106깵2017010211110434140133125 22 14 19 54             
0817110107괉2017010311210446147132126 18 18 19 5533 405       
0817110108깵2017010211210436147130126 20 21 20 6121 7OP       
0817110109깵2017010211130214154138127  9 10 19 4232 4OP       
0817110110괉2017010311130244149144131 15  5 15 35             
0817110111괉2017010311230216153128125 13 21 22 60             
0817110112늧2016123111210436141134148 26 18  0 3331 2         
0817110113깵2017010211110414145134122 18 14 24 58             
0817110114괉2017010311130234156132130  8 17 16 44             
0817110115깵2017010211120914148132124 15 16 22 5611 505       
0817110116늧2016123111110414149142125 17  9 24 5313 2A3       
0817110201괉2017010311230214135124133 31 24 14 49             
0817110202낸20161228111110 4152136127 14 15 23 561            
0817110203낸2016122811130214152141135 15 12 18 47             
0817110204깵2017010211110414145134128 18 14 18 50             
0817110205깵2017010211110414141124132 22 24 14 57             
0817110206깵2017010211220915162132124  6 22 24 5212 3A3       
0817110207깵2017010211121014149141131 14  7 15 36             
0817110208늧2016123111111034154138126 11 12 21 48             
0817110209깵2017010211110414150140127 13  8 19 42             
0817110210깵2017010211130214160144119  3  4 27 44             
0817110211낸20161228111302 4163150142  3  1  8 152            
0817110212괉2017010311110414151136124 14 14 24 5621 3A3       
0817110213깵2017010211210416156145126 12  8 22 46             
0817110214깵2017010211130214144132128 19 16 18 53             
0817110215뒞2016122911110414149136127 15 14 21 5231 2A3       
0817110216괉2017010311210436158134118  7 18 27 60             
0817110301늧2016123110210415144136135 21 16 16 4931 2         
0817110302깵2017010211220916171128125  0 26 23 5811 616       
0817110303깵2017010211110414132128130 31 20 16 6111           
0817110304늧2016123110110414149134128 18 20 26 6611 405       
0817110305늧2016123111210446148127128 19 26 19 6313 2A3       
0817110306깵2017010211110414159136128  4 12 18 4031 3A3       
0817110307괉2017010311130234147140127 17  9 19 46             
0817110308뒞2016122901130210                                  
0817110309깵2017010211110434142128120 20 19 24 6511 4OP       
0817110310괉2017010311130214151150140 14  0  8 20             
0817110311낸2017010411230241      131       15                
0817110312괉2017010311230216164141123  2 10 24 4521 405       
0817110313늧2016123111110414145134127 21 17 22 60             
0817110401깵2017010211130214158128134  5 20 12 4033 3A3       
0817110402깵2017010211110444146130128 16 17 16 49             
0817110403괉2017010311121014150135134 15 15 14 43             
0817110404깵2017010211110434145134125 17 13 19 50             
0817110405괉2017010311110414134130127 31 20 21 6811 3         
0817110406낸20161228111302 4147128130 19 23 20 632            
0817110407괉2017010311230216146138127 20 15 20 5512 3         
0817110408낸201701040A1 99 0                                  
0817110409괉2017010311120914150118124 15 32 24 74             
0817110410늧2016123111211036156138120 11 15 27 5933 205       
0817110411깵2017010211111114135120131 28 28 15 66             
0817110412깵2017010211230216149135125 19 18 23 6223 410       
0817110413괉2017010311130214150130136 15 20 12 46             
0817110414괉2017010311130214157132136  8 18 12 39             
0817110415깵2017010211230214170138131  0 15 17 2623 3A3       
0817110501괉2017010311220915152138127 14 13 20 4233 616       
0817110502깵2017010211210436162134124  5 15 22 4923 516       
0817110503괉2017010311110444178132123  0 17 23 49             
0817110504괉2017010311230214154136127 12 13 20 36             
0817110505괉2017010311110414138128136 27 22 12 5531 3         
0817110506깵2017010211120914142142139 21  6  7 28             
0817110507늧2016123111221016150144129 18 10 20 48             
0817110508괉2017010311110414152134123 13 16 25 59             
0817110509괉2017010311211216155138115 11 12 32 64             
0817110510깵2017010211210444143129122 24 23 24 58             
0817110511낸2016122811210425151132131 17 20 17 4713 205       
0817110512늧2016123111130214148137124 18 14 25 60             
0817110513괉2017010311110414148134129 17 16 19 5331 3         
0817110514늧2016123111130214159138126  7 13 23 49             
0817110515늧2016123111230246150130130 17 23 17 5731 205       
0817110516깵2017010211110414163134126  0 14 20 4211 305       
0817110601괉2017010311130214156140133  9 10 15 3623 405       
0817110602낸2017010401130214185152132  0  0 19 26             
0817110603괉2017010311121014152136130 13 14 18 47             
0817110604괉2017010311110444133130128 31 19 18 6331 405       
0817110605깵2017010221110434158135120  4 12 24 4821 405       
0817110606깵2017010211120944152135125 10 12 19 45             
0817110607괉2017010311130214158138132  7 12 16 38             
0817110608괉2017010311110414144135127 21 15 21 57             
0817110609괉2017010311130214156140132  9 10 16 38             
0817110610깵2017010211210436152136124 15 14 22 5423 405       
0817110701낸2017010411720935136128127 26 18 12 48             
0817110702깵2017010211220935168132121  0 19 25 48             
0817110703뒞2016122911110414141133132 23 17 16 5332 2A3       
0817110704깵2017010211230216153138124 15 14 24 5721 3         
0817110705괉2017010311210436152133122 13 17 23 57             
0817110706깵2017010211121034146134127 16 13 17 46             
0817110707괉2017010311110414141128132 24 22 16 59             
0817110708괉2017010311110444131122133 33 27 13 65             
0817110709괉2017010311130244162154140  2  0  6 10             
0817110710늧2016123111121014143130127 23 21 22 66             
0817110711깵2017010211130214152139125 11  9 21 45             
0817110712괉2017010311230236146130128 19 18 17 54             
0817110713깵2017010211130214149136130 14 12 16 43             
0817110714깵2017010211110414147128124 16 20 22 6032 3A3       
0817110715괉2017010311130214154140135 11 10 13 3523 3         
0817110716괉2017010311130214156143130  9  7 18 37             
0817110801괉2017010311210416146125147 20 26  0 3831 3A3       
0817110802늧2016123111121034142130124 23 20 23 66             
0817110803깵2017010211110414152135123 11 13 23 52             
0817110804괉2017010311110414147134131 18 16 17 50             
0817110805깵2017010211220916158130116 10 23 32 74             
0817110806낸2016122810230215152131135 18 26 23 6622 2         
0817110807낸2016122811230216158138128 11 18 23 57             
0817110808늧2016123111111014147136128 19 15 21 5622 4OP       
0817110809깵2017010211110434143130128 19 17 16 51             
0817110810괉2017010311210416149128128 17 21 19 57             
0817110811괉2017010311420916155130115 10 21 25 62             
0817110812낸2016122811121044146136133 20 16 18 54             
0817110813늧2016123111210416148136129 20 18 20 57             
0817110814늧2016123111230214134131124 34 22 25 64             
0817110901낸2016122810230214150131134 19 23 21 5723 2A3       
0817110902낸2017010401130214177152131  0  0 20 27             
0817110903괉2017010311130214156136127  9 14 21 49             
0817110904깵2017010211210416170128127  0 25 21 5532 305       
0817110905괉2017010311531443121130    27 18                   
0817110906깵2017010211121014141134121 22 14 25 62             
0817110907늧2016123111121014143134131 23 17 18 56             
0817110908깵2017010211230216161134124  7 17 24 5521 3A3       
0817110909괉2017010311130214153132123 12 18 25 60             
0817110910괉2017010311230236153136122 12 16 23 55             
0817110911깵2017010211230216149142127 19 11 21 52             
0817110912낸2017010401130214217179143  0  0  8 11             
0817110913괉2017010311130214147139126 18 11 22 52             
0817110914괉2017010311130214150130126 15 20 22 60             
0817110915낸201701040A1 99 0                                  
0817111001깵2017010211210416145130126 23 23 22 6821 3A3       
0817111002깵2017010211110434135124123 27 23 21 69             
0817111003괉2017010311221016152142123 14  9 24 51             
0817111004낸2017010401130214194156142  0  0  9 12             
0817111005깵2017010211110414152134130 11 14 16 43             
0817111006늧2016123111210416147138124 21 16 25 63             
0817111007늧2016123111210416145134130 23 19 19 5931 2         
0817111008괉2017010311121044144128128 20 21 18 58             
0817111009깵2017010211110414145132126 18 16 20 55             
0817111010괉2017010311121014154139124 11 11 24 51             
0817111011괉2017010310230213132132131 35 20 22 62             
0817111012깵2017010211110434153140122  9  7 22 43             
0817111101깵2017010211110414143128121 20 20 25 6731 305       
0817111102괉2017010311110414148142128 17  8 20 46             
0817111103낸2016122810210415144130133 25 25 22 6823 305       
0817111104늧2016123111121014144136127 22 15 22 5921 310       
0817111105괉2017010311130214152134123 13 16 25 59             
0817111106괉2017010311130214153140129 12 10 19 44             
0817111107깵2017010211210416150134116 18 20 32 76             
0817111108괉2017010310130214158135126  7 16 24 54             
0817111109깵2017010211110414139128123 24 20 23 67             
0817111110깵2017010211121014162134123  1 14 23 47             
0817111111깵2017010211121014154135125  9 13 21 4813 3A3       
0817111112깵2017010210130214139129121 26 22 29 79             
0817111113괉2017010311221014141130119 25 21 28 62             
0817111114낸2016122810230224148129134 21 25 21 6023 2A3       
0817111115깵2017010210230236154136127 12 17 24 58             
0817111116깵2017010211130214175156144  0  0  2  3             
0817111117괉2017010311130234147138125 17 11 21 50             
0817111118깵2017010211130214165140122  0  8 24 42             
0817111201늧2016123111110414150128126 16 23 23 65             
0817111202깵2017010211111114152126128 11 22 18 54             
0817111203괉2017010311130214152148141 13  2  7 19             
0817111204괉2017010311210416144134124 22 15 23 61             
0817111205깵2017010211130244145130124 17 17 20 5532 510       
0817111206낸201701040A1 99 0                                  
0817111207괉2017010311110414141130129 24 20 19 61             
0817111208뒞2016122911230235145128126 21 21 19 54             
0817111209깵2017010211120944143128124 19 19 20 5813 910       
0817111210깵2017010211121014155130124  8 18 22 54             
0817111211괉2017010311130214165147135  0  3 13 21             
0817111212깵2017010211130214161147127  2  1 19 29             
0817111213깵2017010211121014154133130  9 15 16 43             
0817111214낸20161228111104 4137127134 29 24 16 64             
0817111215깵2017010221121034148128123 14 19 21 57             
0817111216늧2016123111130214150136126 16 15 23 57             
