0617130111    37000      000      011    11013    11005    15000      000      067    36000      000      01113     3800000       00000       01113     1800511     3400513     3000000       00000       00000       00000       01113     8900000       00000       00000       00000       00000       0051113     710000000       0000000       0111305    3170 000000       0 000000       0 000000       0 000000       0 000000       0            
0617130205    89000      000      005    39003    44007   126000      000      023    99000      000      00305    48200000       00000       00305    14800507    65700307    75100000       00000       00000       00000       00503    85100000       00000       00000       00000       00000       0030507   73550000000       0000000       0050307  347820 000000       0 000000       0 000000       0 000000       0 000000       0            
0617130311    47000      000      011    18009    50005    31000      000      056   313000      000      00911    41600000       00000       00911    12800511    11500509    33700000       00000       00000       00000       01109    68500000       00000       00000       00000       00000       0050911   20500000000       0000000       0110905  100760 000000       0 000000       0 000000       0 000000       0 000000       0            
0617130413    23000      000      013    14010    59009    23000      000      068    88000      000      01013    44500000       00000       01013    16200913     5600910    27700000       00000       00000       00000       01310    61000000       00000       00000       00000       00000       0091013   10890000000       0000000       0131009   46210 000000       0 000000       0 000000       0 000000       0 000000       0            
0617130515    72000      000      015    18007    11009    56000      000      048    41000      000      00715     5200000       00000       00715     2800915    28100709     9700000       00000       00000       00000       01507    16000000       00000       00000       00000       00000       0070915    4400000000       0000000       0150709   27320 000000       0 000000       0 000000       0 000000       0 000000       0            
0617130604    25000      000      004    13014    13012    29000      000      038    36000      000      00414     4200000       00000       00414     2100412     8701214     6300000       00000       00000       00000       00414     7900000       00000       00000       00000       00000       0041214    2310000000       0000000       0041412    8470 000000       0 000000       0 000000       0 000000       0 000000       0            
0617130709    30000      000      009    16012    24011   133000      000      057   124000      000      00912    12200000       00000       00912     5800911    34301112    78800000       00000       00000       00000       00912    21700000       00000       00000       00000       00000       0091112   25950000000       0000000       0091211   86380 000000       0 000000       0 000000       0 000000       0 000000       0            
0617130804    80000      000      004    29015    36005   152000      000      028   306000      000      00415    58700000       00000       00415    18400405    72300515    99900000       00000       00000       00000       00415   104600000       00000       00000       00000       00000       0040515   92740000000       0000000       0041505  380110 000000       0 000000       0 000000       0 000000       0 000000       0            
0617130902   319000      000      002   102007    47016    20000      000      014   267000      000      00207   420200000       00000       00207    83400216    29400716    11900000       00000       00000       00000       00207   990500000       00000       00000       00000       00000       0020716   54210000000       0000000       0020716  536500 000000       0 000000       0 000000       0 000000       0 000000       0            
0617131007    28000      000      007    13001    13012    38000      000      014    38000      000      00107     4400000       00000       00107     2400712     7800112    11200000       00000       00000       00000       00701     8000000       00000       00000       00000       00000       0010712    2890000000       0000000       0070112    9630 000000       0 000000       0 000000       0 000000       0 000000       0            
0617131115   360000      000      015    66003    14008    45000      000      028    64000      000      00315    59900000       00000       00315    19100815    73000308    11300000       00000       00000       00000       01503   200000000       00000       00000       00000       00000       0030815   34060000000       0000000       0150308  275620 000000       0 000000       0 000000       0 000000       0 000000       0            
0617131214   128000      000      014    39015    30011    16000      000      078   167000      000      01415    91800000       00000       01415    26301114    13101115     8300000       00000       00000       00000       01415   186700000       00000       00000       00000       00000       0111415   10380000000       0000000       0141511   88980 000000       0 000000       0 000000       0 000000       0 000000       0            
0817130104    11000      000      004    10001    38014    30000      000      012    28000      000      00104    10500000       00000       00104     5300414     4400114    23600000       00000       00000       00000       00401    12600000       00000       00000       00000       00000       0010414    3240000000       0000000       0040114    8980 000000       0 000000       0 000000       0 000000       0 000000       0            
0817130210   576000      000      010   197016    45001    76000      000      058   555000      000      01016   596400000       00000       01016   129300110   166300116    36800000       00000       00000       00000       01016  1211100000       00000       00000       00000       00000       0011016  307620000000       0000000       0101601 1229180 000000       0 000000       0 000000       0 000000       0 000000       0            
0817130312   262000      000      012    48010    11008    21000      000      056    56000      000      01012    22700000       00000       01012    10300812    23700810     3900000       00000       00000       00000       01210    72400000       00000       00000       00000       00000       0081012    4800000000       0000000       0121008   46670 000000       0 000000       0 000000       0 000000       0 000000       0            
0817130404    52000      000      004    22002    25001    22000      000      024   207000      000      00204    19400000       00000       00204     6300104     5100102     7100000       00000       00000       00000       00402    34800000       00000       00000       00000       00000       0010204    2910000000       0000000       0040201   13390 000000       0 000000       0 000000       0 000000       0 000000       0            
0817130503   165000      000      003    56010    22009    95000      000      025   412000      000      00310    55400000       00000       00310    13800309    53200910    22900000       00000       00000       00000       00310   114200000       00000       00000       00000       00000       0030910   45010000000       0000000       0031009  221060 000000       0 000000       0 000000       0 000000       0 000000       0            
0817130604   550000      000      004   158012    30002    15000      000      026   390000      000      00412   341600000       00000       00412    82100204    36900212     7200000       00000       00000       00000       00412   645300000       00000       00000       00000       00000       0020412   33680000000       0000000       0041202  323080 000000       0 000000       0 000000       0 000000       0 000000       0            
0817130703    65000      000      003    29013    18014    62000      000      027   223000      000      00313    28000000       00000       00313    11400314    24501314    28800000       00000       00000       00000       00313    50700000       00000       00000       00000       00000       0031314   21670000000       0000000       0031314   84060 000000       0 000000       0 000000       0 000000       0 000000       0            
0817130812   104000      000      012    34008    18015    60000      000      046   168000      000      00812    24800000       00000       00812    12001215    30100815    22100000       00000       00000       00000       01208    60600000       00000       00000       00000       00000       0081215   18910000000       0000000       0120815  107440 000000       0 000000       0 000000       0 000000       0 000000       0            
0817130902   200000      000      002    30001    18004    11000      000      012   617000      000      00102    61200000       00000       00102    14900204     6200104     3300000       00000       00000       00000       00201   149000000       00000       00000       00000       00000       0010204    2980000000       0000000       0020104   42890 000000       0 000000       0 000000       0 000000       0 000000       0            
0817131005    31000      000      005    13002    11004    21000      000      025    41000      000      00205     4000000       00000       00205     1900405     4300204     3900000       00000       00000       00000       00502     8400000       00000       00000       00000       00000       0020405     910000000       0000000       0050204    4480 000000       0 000000       0 000000       0 000000       0 000000       0            
0817131109   274000      000      009    48014    30005    13000      000      058   174000      000      00914   189500000       00000       00914    43400509    11400514     6400000       00000       00000       00000       00914   486800000       00000       00000       00000       00000       0050914    9940000000       0000000       0091405  151880 000000       0 000000       0 000000       0 000000       0 000000       0            
0817131205   117000      000      005    36010    20011   125000      000      058   258000      000      00510    23200000       00000       00510     7600511    95201011    45000000       00000       00000       00000       00510    56800000       00000       00000       00000       00000       0051011   55820000000       0000000       0051011  281250 000000       0 000000       0 000000       0 000000       0 000000       0            
