0617140114    37000      000      014    12005    11013    12000      000      037    25000      000      00514     5500000       00000       00514     2501314     3200513     2000000       00000       00000       00000       01405    11500000       00000       00000       00000       00000       0051314     760000000       0000000       0140513    3900 000000       0 000000       0 000000       0 000000       0 000000       0            
0617140202   223000      000      002    45012    60014    11000      000      016  1450000      000      00212   219400000       00000       00212    40700214     7601214     8500000       00000       00000       00000       00212   438600000       00000       00000       00000       00000       0021214    7530000000       0000000       0021214  114300 000000       0 000000       0 000000       0 000000       0 000000       0            
0617140310   166000      000      010    59004    25013    60000      000      025   136000      000      00410    23300000       00000       00410     7601013    17800413     7900000       00000       00000       00000       01004    60600000       00000       00000       00000       00000       0041013    6910000000       0000000       0100413   47540 000000       0 000000       0 000000       0 000000       0 000000       0            
0617140405   298000      000      005    77009    20015    50000      000      035   692000      000      00509    83700000       00000       00509    29500515    56200915    11400000       00000       00000       00000       00509   243000000       00000       00000       00000       00000       0050915   37660000000       0000000       0050915  267100 000000       0 000000       0 000000       0 000000       0 000000       0            
0617140509   158000      000      009    28013    12007    14000      000      057   166000      000      00913    13700000       00000       00913     5200709     8400713     2300000       00000       00000       00000       00913    41300000       00000       00000       00000       00000       0070913    1790000000       0000000       0091307   16160 000000       0 000000       0 000000       0 000000       0 000000       0            
0617140611    31000      000      011    18010    43016    36000      000      056   184000      000      01011    40200000       00000       01011    14601116     9501016    30500000       00000       00000       00000       01110    69000000       00000       00000       00000       00000       0101116   14070000000       0000000       0111016   65740 000000       0 000000       0 000000       0 000000       0 000000       0            
0617140708   135000      000      008    35009    32015   502000      000      045   377000      000      00809    48900000       00000       00809    16100815   239100915   248000000       00000       00000       00000       00809    93100000       00000       00000       00000       00000       0080915  397020000000       0000000       0080915 2068360 000000       0 000000       0 000000       0 000000       0 000000       0            
0617140809   102000      000      009    29010    20012    42000      000      055   215000      000      00910    21800000       00000       00910     9100912    24401012    14300000       00000       00000       00000       00910    47400000       00000       00000       00000       00000       0091012   11360000000       0000000       0091012   72450 000000       0 000000       0 000000       0 000000       0 000000       0            
0617140907   175000      000      007    24003    11006    14000      000      036   167000      000      00307    22100000       00000       00307     7400607    10800306     2800000       00000       00000       00000       00703    71300000       00000       00000       00000       00000       0030607    3550000000       0000000       0070306   35630 000000       0 000000       0 000000       0 000000       0 000000       0            
0617141002    54000      000      002    19003    21008    66000      000      023   179000      000      00203    16700000       00000       00203     5700208    23500308    24900000       00000       00000       00000       00203    33700000       00000       00000       00000       00000       0020308   12790000000       0000000       0020308   51960 000000       0 000000       0 000000       0 000000       0 000000       0            
0617141114   210000      000      014    46012    33004    17000      000      078   458000      000      01214   107100000       00000       01214    26700414    15200412    10600000       00000       00000       00000       01412   140500000       00000       00000       00000       00000       0041214   16950000000       0000000       0141204  104450 000000       0 000000       0 000000       0 000000       0 000000       0            
0617141210    56000      000      010    21011    49016    18000      000      056   203000      000      01011    50900000       00000       01011    16401016     5701116    15300000       00000       00000       00000       01011    83300000       00000       00000       00000       00000       0101116    8140000000       0000000       0101116   50560 000000       0 000000       0 000000       0 000000       0 000000       0            
0717110108    68000      000      008    13015    11002    12000      000      048    98000      000      00815     5800000       00000       00815     2300208     3900215     1900000       00000       00000       00000       00815    13700000       00000       00000       00000       00000       0020815     650000000       0000000       0081502    4870 000000       0 000000       0 000000       0 000000       0 000000       0            
0717110203    76000      000      003    28012    21008    33000      000      026   126000      000      00312    22300000       00000       00312     7700308    17500812    11600000       00000       00000       00000       00312    47400000       00000       00000       00000       00000       0030812    8890000000       0000000       0031208   38590 000000       0 000000       0 000000       0 000000       0 000000       0            
0717110312    50000      000      012    12005    11013    42000      000      036    23000      000      00512     3400000       00000       00512     1601213    13900513     5700000       00000       00000       00000       01205    11500000       00000       00000       00000       00000       0051213    2340000000       0000000       0120513   15680 000000       0 000000       0 000000       0 000000       0 000000       0            
0717110401    54000      000      001    15008    13003    45000      000      015    72000      000      00108     6700000       00000       00108     2500103    12100308     9400000       00000       00000       00000       00108    14600000       00000       00000       00000       00000       0010308    2770000000       0000000       0010803   12580 000000       0 000000       0 000000       0 000000       0 000000       0            
0717110502   108000      000      002    16008    12003    11000      000      028   123000      000      00208    18100000       00000       00208     4100203     2800308     1700000       00000       00000       00000       00208    43800000       00000       00000       00000       00000       0020308     620000000       0000000       0020803    9520 000000       0 000000       0 000000       0 000000       0 000000       0            
0717110609    60000      000      009    21006    14014    30000      000      035   121000      000      00609    13500000       00000       00609     5100914    13400614     8700000       00000       00000       00000       00906    25800000       00000       00000       00000       00000       0060914    4880000000       0000000       0090614   25440 000000       0 000000       0 000000       0 000000       0 000000       0            
0717110709    74000      000      009    21016    18007    17000      000      058    38000      000      00916    17400000       00000       00916     4700709     4900716     4700000       00000       00000       00000       00916    37600000       00000       00000       00000       00000       0070916    2470000000       0000000       0091607   16620 000000       0 000000       0 000000       0 000000       0 000000       0            
0717110801    19000      000      001    11010    14007    13000      000      015   100000      000      00110    10600000       00000       00110     3300107     2000710     6700000       00000       00000       00000       00110    14400000       00000       00000       00000       00000       0010710    1120000000       0000000       0011007    4420 000000       0 000000       0 000000       0 000000       0 000000       0            
0717110916    33000      000      016    18003    27013   140000      000      028    30000      000      00316    10900000       00000       00316     5601316    29900313   131300000       00000       00000       00000       01603    18700000       00000       00000       00000       00000       0031316   33600000000       0000000       0160313  114230 000000       0 000000       0 000000       0 000000       0 000000       0            
0717111001   146000      000      001    33010    16005    78000      000      015   122000      000      00110    28400000       00000       00110    10500105    58900510    19300000       00000       00000       00000       00110    65700000       00000       00000       00000       00000       0010510   21920000000       0000000       0011005  135170 000000       0 000000       0 000000       0 000000       0 000000       0            
0717111111    50000      000      011    19004    57001    36000      000      036   208000      000      00411    74500000       00000       00411    24600111     8700104    34800000       00000       00000       00000       01104   130500000       00000       00000       00000       00000       0010411   20920000000       0000000       0110401  120440 000000       0 000000       0 000000       0 000000       0 000000       0            
0717111213   172000      000      013    35015    27007    18000      000      078   119000      000      01315    54100000       00000       01315    18000713    11900715     7800000       00000       00000       00000       01315   121500000       00000       00000       00000       00000       0071315   10400000000       0000000       0131507   83780 000000       0 000000       0 000000       0 000000       0 000000       0            
0817140106   105000      000      006    13013    10003    10000      000      048    47000      000      00613     4400000       00000       00613     1900306     3400313     1200000       00000       00000       00000       00613    18200000       00000       00000       00000       00000       0030613     390000000       0000000       0061303    4640 000000       0 000000       0 000000       0 000000       0 000000       0            
0817140211    40000      000      011    19013    50005    25000      000      067   414000      000      01113    44200000       00000       01113    13100511     6900513    16900000       00000       00000       00000       01113    74700000       00000       00000       00000       00000       0051113   10710000000       0000000       0111305   53930 000000       0 000000       0 000000       0 000000       0 000000       0            
0817140313    76000      000      013    23010    32005    97000      000      057   114000      000      01013    23500000       00000       01013     9000513    32700510    45200000       00000       00000       00000       01310    45000000       00000       00000       00000       00000       0051013   27940000000       0000000       0131005   97670 000000       0 000000       0 000000       0 000000       0 000000       0            
0817140405   115000      000      005    29015    24008    18000      000      038   562000      000      00515    47400000       00000       00515    13800508    10300815     8800000       00000       00000       00000       00515   105100000       00000       00000       00000       00000       0050815    7880000000       0000000       0051508   61690 000000       0 000000       0 000000       0 000000       0 000000       0            
0817140509    48000      000      009    17001    29016    14000      000      015   202000      000      00109    27100000       00000       00109     9300916     3000116     4600000       00000       00000       00000       00901    43400000       00000       00000       00000       00000       0010916    1990000000       0000000       0090116   14110 000000       0 000000       0 000000       0 000000       0 000000       0            
0817140603    87000      000      003    29013    17011    41000      000      027   143000      000      00313    20300000       00000       00313     8500311    29601113    11200000       00000       00000       00000       00313    44800000       00000       00000       00000       00000       0031113   10430000000       0000000       0031311   51010 000000       0 000000       0 000000       0 000000       0 000000       0            
0817140706   202000      000      006    72007    23001    47000      000      034   501000      000      00607    58700000       00000       00607    23900106    35000107    12900000       00000       00000       00000       00607   156500000       00000       00000       00000       00000       0010607   20170000000       0000000       0060701  137190 000000       0 000000       0 000000       0 000000       0 000000       0            
0817140809    54000      000      009    19008    15012    59000      000      045    74000      000      00809     9200000       00000       00809     4000912    30600812    17400000       00000       00000       00000       00908    21000000       00000       00000       00000       00000       0080912   11680000000       0000000       0090812   40860 000000       0 000000       0 000000       0 000000       0 000000       0            
0817140904   111000      000      004    46002    41010    28000      000      024   421000      000      00204    42200000       00000       00204    10800410     8500210     6300000       00000       00000       00000       00402    86100000       00000       00000       00000       00000       0020410    6030000000       0000000       0040210   47150 000000       0 000000       0 000000       0 000000       0 000000       0            
0817141012    27000      000      012    12007    14013    27000      000      058    36000      000      00712     4300000       00000       00712     2001213     5800713     5800000       00000       00000       00000       01207     9700000       00000       00000       00000       00000       0071213    1490000000       0000000       0120713    5490 000000       0 000000       0 000000       0 000000       0 000000       0            
0817141113   228000      000      013    55006    20010    34000      000      048   260000      000      00613    50100000       00000       00613    15601013    32800610     9700000       00000       00000       00000       01306   120600000       00000       00000       00000       00000       0061013   18560000000       0000000       0130610  141840 000000       0 000000       0 000000       0 000000       0 000000       0            
0817141215    36000      000      015    15004    22002    25000      000      028    53000      000      00415    11100000       00000       00415     4700215     7100204    11300000       00000       00000       00000       01504    20800000       00000       00000       00000       00000       0020415    3570000000       0000000       0150402   15430 000000       0 000000       0 000000       0 000000       0 000000       0            
