061714010114101455ペイシャオブワキア　　　　　　　　　  5.2  1.7 10.5 12.7  7.8 13 15.2                           
061714010214104754ドゥエルインハート　　　　　　　　　 45.6  8.6 20.0-19.1 -1.0  4  0.0  0                        
061714010314102355イエスマイハニー　　　　　　　　　　 19.5  4.1-11.0-12.6 -7.9 -3  0.0                           
061714010414101988オールイン　　　　　　　　　　　　　 13.6  3.1  9.2 14.6  8.1 13  7.2                           
061714010514105178メリークン　　　　　　　　　　　　　  3.0  1.4 15.0 20.8 12.1 17  7.5                           
061714010614105270マグナスエフェクト　　　　　　　　　 43.4  8.2-11.3-12.1 -7.8 -3  0.0                           
061714010714102312ニシノマッハ　　　　　　　　　　　　 55.2 10.0-11.3-18.8-10.3 -5  0.0  0                        
061714010814102240ノアブリジット　　　　　　　　　　　 20.5  4.3  4.2  6.8  3.8  9  0.0                           
061714010914106410ヴィアグローリアス　　　　　　　　　 15.6  3.4 12.0  5.1  5.5 10  0.0                           
061714011014103142エスタシオン　　　　　　　　　　　　 21.1  4.4  4.0 14.6  6.6 12  9.1                           
061714011114102626グレームーン　　　　　　　　　　　　129.0 22.5-10.0-14.6 -8.4 -3  0.0                           
061714011214102725オコルデヤスシ　　　　　　　　　　　 65.7 11.8-10.0 -1.9 -3.7  1  0.0                           
061714011314100288セイカチトセ　　　　　　　　　　　　  7.8  2.2  6.2  7.7  4.7 10  9.6A                          
061714011414104206スビールアスール　　　　　　　　　　  3.6  1.5 14.1 24.7 13.3 18 11.6                           
061714011514109119エンセラダス　　　　　　　　　　　　 92.7 16.3 -8.4-14.6 -7.9 -3  0.0                           
061714011614106398セラファン　　　　　　　　　　　　　 27.2  5.4-11.3  7.1 -0.8  4  9.6                           
061714020114101812ファンラヴィング　　　　　　　　　　 18.4  3.4 14.3  6.2  6.6 12  0.0                           
061714020214102501ウォルプタス　　　　　　　　　　　　 19.3  3.5 -0.7  8.2  2.8  8  0.0                           
061714020314106239アシャカダイキ　　　　　　　　　　　  3.4  1.3 16.0 28.2 15.1 20 19.8                           
061714020414102612クリノアンヌ　　　　　　　　　　　　 47.8  7.6 -8.5 -6.3 -4.9  0  0.0                           
061714020514102297ウィズリスペクト　　　　　　　　　　111.8 16.5-11.3 -3.1 -4.5  0  0.0                           
061714020614105091アポロセシル　　　　　　　　　　　　 24.8  4.3 -9.2 10.6  1.1  6  8.6                           
061714020714105010ジェイケイロマン　　　　　　　　　　 36.9  6.0 -8.7 -5.1 -4.5  1  0.0                           
061714020814100221ウインミストレス　　　　　　　　　　 32.7  5.4-10.0-11.7 -7.3 -2  0.0                           
061714020914103578メイショウルミナス　　　　　　　　　  6.2  1.7  6.0 17.1  8.1 13  8.9C                          
061714021014102302プーカローズ　　　　　　　　　　　　 15.7  3.0  2.4 -5.1 -1.1  4  0.0                           
061714021114100479カルサイトイモン　　　　　　　　　　 50.5  8.0-10.0-11.8 -7.3 -2  0.0                           
061714021214104975ビジョッテ　　　　　　　　　　　　　 19.9  3.6  6.8 -1.9  1.3  6  0.0                           
061714021314102674ポートキャンベル　　　　　　　　　　 81.7 12.2-10.0-12.9 -7.7 -3  0.0  0                        
061714021414101387スギノエンプレス　　　　　　　　　　  2.3  1.2 19.4 21.7 13.8 19 18.1  1  109   65              
061714021514104801ミラドール　　　　　　　　　　　　　 30.5  5.1-10.0  7.0 -0.4  5  0.0                           
061714021614105529デルマネライウチ　　　　　　　　　　 31.2  5.2 -8.7-10.6 -6.5 -1  9.7                           
061714030114103985エスペレラヴニール　　　　　　　　　 70.5 11.2-11.3-14.0 -8.5 -4  0.0                           
061714030214102288ペドラプレシオーザ　　　　　　　　　 49.3  8.2-11.3-18.8-10.3 -5  0.0  0                        
061714030314103674ベルウッドミライ　　　　　　　　　　 16.1  3.2 -0.5  7.3  2.5  8 19.8                           
061714030414106106ロジバレー　　　　　　　　　　　　　  3.1  1.4 19.7 14.2 11.1 16 19.8                           
061714030514109031アーナック　　　　　　　　　　　　　 79.6 12.5-13.6 -6.3 -6.4 -1  0.0                           
061714030614106187フェールデクール　　　　　　　　　　  8.1  2.1  9.7 12.6  7.5 13  0.0                           
061714030714101841クラウントゥレス　　　　　　　　　　 27.6  4.9-10.0 -9.9 -6.6 -2  0.0  0                        
061714030814101067スグスキシッパイ　　　　　　　　　　 53.0  8.8-11.3 -0.7 -3.6  1  0.0                           
061714030914100722マイネルピョートル　　　　　　　　　 16.2  3.2-11.3  3.5 -2.1  3  0.0  0                        
061714031014104173マイネルルミノーソ　　　　　　　　　 13.0  2.7 13.7  5.9  6.3 11  7.2                           
061714031114100459トラネコ　　　　　　　　　　　　　　 61.5  9.8 -8.5-10.6 -6.4 -1  0.0                           
061714031214101421トーホウカンタール　　　　　　　　　  2.6  1.3 18.4 23.1 14.0 19 18.1  1  246   33              
061714031314104913ショウナンカルミナ　　　　　　　　　 12.0  2.5 20.0-11.7  1.7  7  0.0                           
061714031414102738エクセルビーム　　　　　　　　　　　 96.9 15.1-13.6 -6.3 -6.4 -1  0.0                           
061714031514102439デルマタッシャデナ　　　　　　　　　 13.3  2.7  2.4  8.2  3.7  9  0.0                           
061714031614103741イーゼル　　　　　　　　　　　　　　 40.4  6.9 -8.7-14.8 -8.0 -3  0.0                           
061714040114103316オロマップレディ　　　　　　　　　　  6.9  2.1 10.1  9.7  6.6  7 16.3                           
061714040214103375ローブ　　　　　　　　　　　　　　　 22.2  4.8  6.0  7.2  4.4  4  0.0                           
061714040314102976メイショウアテン　　　　　　　　　　 32.0  6.7-10.0-11.3 -7.1 -7  0.0                           
061714040414104460サーストンユメコ　　　　　　　　　　  5.5  1.8  5.3 18.7  8.4  8  0.0  3                        
061714040514102016クーリュ　　　　　　　　　　　　　　 41.5  8.5-10.0 -0.8 -3.3 -3  0.0                           
061714040614101603サンバディ　　　　　　　　　　　　　 45.2  9.2-12.5-11.6 -8.0 -8  0.0  0                        
061714040714105806アズレージョ　　　　　　　　　　　　  3.0  1.4 10.0 19.4 10.1 10 18.1                           
061714040814104394クリワカ　　　　　　　　　　　　　　 58.6 11.4-10.0 -8.5 -6.1 -6  0.0                           
061714040914103417ウィズアウィッシュ　　　　　　　　　  4.8  1.7 12.7 12.7  8.5  8  5.8                           
061714041014101222フラワーズブルーム　　　　　　　　　 37.6  7.7-11.3-10.0 -7.1 -7  0.0                           
061714041114101101バプティシア　　　　　　　　　　　　 14.5  3.4-12.5 -1.0 -4.1 -4  0.0                           
061714041214100418アクリマソン　　　　　　　　　　　　 19.8  4.5 20.0-15.1  0.5  0  0.0                           
061714041314103003サンシンシナティ　　　　　　　　　　 84.7 16.2 -8.7 -7.7 -5.4 -5  0.0                           
061714041414100469ホワイトシスネ　　　　　　　　　　　124.7 23.5-11.3-14.8 -8.8 -9  0.0                           
061714041514103809ティアップアンジュ　　　　　　　　　 11.4  2.8  6.9  1.5  2.6  3  0.0                           
061714041614100829エンパイアスタイル　　　　　　　　　 12.8  3.1 -3.8 -3.7 -2.5 -2 26.4                           
061714050114106148ヨシヒコ　　　　　　　　　　　　　　 39.9  8.0 -3.5 -7.7 -3.9  1  0.0                           
061714050214106202コントロヴェント　　　　　　　　　　 37.0  7.4-10.0-12.2 -7.5 -2  0.0                           
061714050314101942ストーミースター　　　　　　　　　　 17.5  3.9 10.1  7.4  5.7 11  0.0                           
061714050414100720ウインクバック　　　　　　　　　　　 11.7  2.8 11.8  7.0  6.1 11  0.0                           
061714050514104055アバンドーネ　　　　　　　　　　　　 33.9  6.9-10.0-11.3 -7.1 -2 13.7                           
061714050614104781シュウチョウ　　　　　　　　　　　　 56.9 10.8-10.0-13.2 -7.8 -3  0.0                           
061714050714103084エスティーム　　　　　　　　　　　　  4.0  1.6 12.4 22.0 11.8 17  5.8                           
061714050814105531アオイシンゴ　　　　　　　　　　　　  6.6  2.0  8.7  5.7  4.7 10  6.3                           
061714050914100746マイネルラプティス　　　　　　　　　 11.8  2.9  6.1  9.5  5.3 10  7.7  5                        
061714051014100124ケイツールピー　　　　　　　　　　　 44.0  8.7-11.3 -9.3 -6.8 -2  0.0                           
061714051114105863ロジブリランテ　　　　　　　　　　　  8.2  2.4  2.7 -2.5 -0.1  5  0.0                           
061714051214101963ジャカンドジョー　　　　　　　　　　 40.3  8.0 -6.0 -4.6 -3.5  2  0.0                           
061714051314105688コンボルド　　　　　　　　　　　　　  3.1  1.4 15.4 20.6 12.2 17 18.1                           
061714051414100682ヴァッラータ　　　　　　　　　　　　 64.8 12.2-11.3-16.5 -9.4 -4  0.0  0                        
061714051514100085アンジェーヌ　　　　　　　　　　　　 33.1  6.7-11.3  7.4 -0.7  4  0.0                           
061714051614102499アルチレイロ　　　　　　　　　　　　 12.6  3.0 -4.2 12.0  3.1  8 19.8                           
061714060114105280アサーティブ　　　　　　　　　　　　 18.0  4.0  9.1  9.4  6.2  6  0.0                           
061714060214104021ワンダープラヤアン　　　　　　　　　  6.4  2.0 15.5  7.7  7.5  7  6.8                           
061714060314104140ウィードスピリット　　　　　　　　　 37.4  7.6  6.0  7.4  4.5  5  0.0                           
061714060414102800エイダイコンドル　　　　　　　　　　 22.3  4.8 -3.8  6.4  1.2  1  9.1                           
061714060514101213ラインアストロ　　　　　　　　　　　  3.6  1.5 11.9 23.3 12.1 12  0.0                           
061714060614102469サンオースティン　　　　　　　　　　 62.9 11.9-13.6 -7.9 -7.0 -7  0.0                           
061714060714106517キャピトルヒル　　　　　　　　　　　 71.0 13.4-10.0-13.2 -7.8 -8  0.0                           
061714060814100025クィーンアリス　　　　　　　　　　　 18.1  4.1-10.0-11.7 -7.3 -7  0.0                           
061714060914100559ヤマニンアルバス　　　　　　　　　　 50.3  9.9-10.0-11.5 -7.2 -7  0.0                           
061714061014103549ゲートウェイアーチ　　　　　　　　　 19.3  4.3 -4.4 -7.8 -4.2 -4 12.3                           
061714061114104144スカルバン　　　　　　　　　　　　　  3.4  1.5 14.4 23.4 12.9 13 10.6                           
061714061214104223ピンクノミーナ　　　　　　　　　　　  5.0  1.7  1.8  5.5  2.6  3 21.4                           
061714061314103761プリンセスジーナ　　　　　　　　　　 85.5 16.0-10.0-17.3 -9.3 -9  0.0  0                        
061714061414101787サンエルパソ　　　　　　　　　　　　 30.0  6.2 -0.8-11.8 -4.6 -5  0.0                           
061714061514106526トランプマジック　　　　　　　　　　 82.6 15.5-10.0-14.6 -8.4 -8  0.0                           
061714061614105371レローヴ　　　　　　　　　　　　　　 11.7  2.9 20.0  5.1  7.9  8 10.3                           
061714070113100491カブキモノ　　　　　　　　　　　　　 37.6  8.2-11.3-11.7 -7.7 12  0.0                           
061714070213102100マイウェイレコード　　　　　　　　　 38.4  8.3-11.0-10.6 -7.2 13  0.0                           
061714070312104561ラインキュート　　　　　　　　　　　 87.0 17.6-11.0-11.7 -7.6 12  0.0                           
061714070412103591マイネルヴォーダン　　　　　　　　　 46.6 10.0 20.7 -4.6  4.5 25  0.0  5                        
061714070513105683ロッジポールパイン　　　　　　　　　  6.9  2.2 13.6  6.6  6.5 26  0.0                           
061714070613105235ボーシエル　　　　　　　　　　　　　  4.2  1.6 10.3 24.3 12.0 32 19.8                           
061714070712103703カズノテナンゴ　　　　　　　　　　　 38.6  8.4-10.0-13.2 -7.8 12  0.0                           
061714070812102604コスモボアソルテ　　　　　　　　　　 12.7  3.2 11.1  3.8  4.7 25  0.0                           
061714070913103514ベバスカーン　　　　　　　　　　　　 14.0  3.5  0.0  0.0  0.0 20  0.0                           
061714071013102272ダイリュウハヤテ　　　　　　　　　　 71.9 14.7-11.3  5.9 -1.2 19  0.0                           
061714071113103551カズノテイオー　　　　　　　　　　　  4.2  1.6 15.3 12.1  9.0 29 21.4                           
061714071213105698エリモグレイス　　　　　　　　　　　 24.1  5.5 -6.0  7.1  0.8 21  0.0  3                        
061714071311103679レオニーズ　　　　　　　　　　　　　  3.9  1.6 12.0 19.4 10.7 31 12.8                           
061714071412104762ダイワハッスル　　　　　　　　　　　 24.0  5.4  7.5 -2.5  1.3 21  8.7                           
061714071513105532ダイワチャーチル　　　　　　　　　　 77.7 15.8-10.0-12.8 -7.7 12  0.0                           
061714071613106042ナンヨーファミユ　　　　　　　　　　 10.8  2.8-11.0 -2.2 -4.1 16  0.0  5                        
061714080113101848ケンコンイッテキ　　　　　　　　　　 11.0  3.0  0.1  8.9  3.3 33  7.7                           
061714080213103523タイセイラルーナ　　　　　　　　　　 19.2  4.8-10.0 -6.3 -5.3 25  9.2                           
061714080312106308プリンセスロック　　　　　　　　　　  8.1  2.6 12.0 12.5  8.2 38  9.6                           
061714080411103852ケルシャンス　　　　　　　　　　　　 31.5  7.3-10.0 11.4  1.2 31  0.0  5                        
061714080511104196レイヨンヴェール　　　　　　　　　　 34.1  7.9 -7.6-12.4 -6.8 23  0.0                           
061714080612100624ブルームーン　　　　　　　　　　　　  6.2  2.2  3.7 10.2  4.8 35 15.1  5                        
061714080713101496ブレイジングサン　　　　　　　　　　 22.0  5.3-10.4 -1.7 -3.7 26 14.4A                          
061714080813101169ビービーサレンダー　　　　　　　　　  4.2  1.8  7.4 21.4 10.1 40  5.3                           
061714080912101567クワドループル　　　　　　　　　　　  8.7  2.8  6.0  0.2  1.9 32  0.0                           
061714081011104001アイムユアドリーム　　　　　　　　　  4.9  1.9 20.2 13.9 11.2 41  5.8  2                        
061714081112100671ツウローゼズ　　　　　　　　　　　　 48.2 10.9-10.0 -9.7 -6.6 23  0.0                           
061714081213104516テンキセキ　　　　　　　　　　　　　 19.5  4.9 -6.2  2.7 -0.9 29  0.0  5                        
061714081312100401オーロラッシュ　　　　　　　　　　　 18.4  4.6-10.0-15.1 -8.5 21  0.0                           
061714081412105737チェリーサマー　　　　　　　　　　　 11.9  3.2 20.0  4.6  7.7 38  0.0                           
061714081512102736ウサギノカケアシ　　　　　　　　　　 71.5 15.4-10.0  3.2 -1.8 28  0.0                           
061714081611106508チュウワベイビー　　　　　　　　　　 30.4  7.1 -5.1-11.8 -5.9 24 10.6                           
061714090114105953ハーツブライト　　　　　　　　　　　  8.8  2.4  6.0 18.0  8.4 28  0.0                           
061714090214101773ラッシュハート　　　　　　　　　　　 18.6  4.0 -3.4-12.0 -5.4 15  0.0                           
061714090314102667シンボリバーグ　　　　　　　　　　　  2.3  1.3 17.6 18.8 12.2 32 18.1B                          
061714090414101953ダノンディーヴァ　　　　　　　　　　  7.8  2.2 11.1  9.2  6.7 27 16.3                           
061714090514101601ラーナアズーラ　　　　　　　　　　　  5.8  1.8 19.1 15.5 11.4 31  6.2                           
061714090614101550アピールバイオ　　　　　　　　　　　  5.7  1.8 12.3  6.7  6.1 26 14.0 15                        
061714090714105080スズカゼ　　　　　　　　　　　　　　 20.9  4.4-10.0  3.9 -1.6 18  0.0  5                        
061714090814100761ゴールドアピール　　　　　　　　　　 22.7  4.6-11.3  6.8 -0.9 19  0.0                           
061714090914100214ウインシトリン　　　　　　　　　　　 33.0  6.4 -3.6-18.3 -7.8 12  0.0                           
061714091014102249ララベスラーナ　　　　　　　　　　　 51.8  9.7-12.5-10.1 -7.5 13  0.0                           
061714091114105553オンリゲットベター　　　　　　　　　 12.7  2.9  5.2 24.3 10.5 30  7.7                           
061714091214102161カリビアンゴールド　　　　　　　　　 15.6  3.4  6.0 -2.1  1.0 21  0.0                           
061714100113100102マシェリガール　　　　　　　　　　　 34.2  7.0-13.6-18.8-11.0 24  0.0  0                        
061714100211103613フェルメッツァ　　　　　　　　　　　  4.1  1.5 19.0 25.5 15.1 50 15.2  1  239   80              
061714100311105235マイネオーラム　　　　　　　　　　　  8.5  2.4  6.0  9.4  5.2 40  7.2                           
061714100408103812スマートリバティー　　　　　　　　　 33.9  6.9-12.5-10.1 -7.5 28  0.0                           
061714100511104256カレンリスベット　　　　　　　　　　  8.7  2.5  7.8 12.0  6.7 42  0.0                           
061714100610103834ミエノワンダー　　　　　　　　　　　 17.6  4.0-10.0 -2.5 -3.9 31  0.0                           
061714100713106112ノガロ　　　　　　　　　　　　　　　  3.9  1.5 15.0 12.4  9.0 44  8.2  5                        
061714100811104166タブレットピーシー　　　　　　　　　 22.2  4.8-11.3  8.5 -0.3 35  0.0                           
061714100913106018ギモーヴ　　　　　　　　　　　　　　  3.2  1.4 18.8 11.8 10.0 45 18.1                           
061714101013101869オルレアンローズ　　　　　　　　　　  7.9  2.3 20.0  7.6  8.8 44 13.5  5                        
061714101109106679ダイヤモンドダンス　　　　　　　　　 24.7  5.2 -4.0-12.8 -5.9 29  0.0                           
061714110111100584ワディ　　　　　　　　　　　　　　　 11.1  2.9 13.7  0.6  4.3 49  7.2  5                        
061714110209103816カジキ　　　　　　　　　　　　　　　 20.8  4.8 -2.1 -2.6 -1.6 43  0.0                           
061714110308100267スズカセクレターボ　　　　　　　　　 38.5  8.2-12.5-10.1 -7.5 38  0.0                           
061714110409103431ゴーイングパワー　　　　　　　　　　  4.1  1.6 16.8 14.1 10.2 55  5.8                           
061714110511103048シゲルカガ　　　　　　　　　　　　　 21.1  4.8  3.6 -4.8 -0.7 44 13.0                           
061714110610110044ワイドエクセレント　　　　　　　　　 15.7  3.8 20.0  7.1  8.6 54  0.0                           
061714110713104133ディーズプラネット　　　　　　　　　  3.6  1.5 16.2 25.1 14.1 59 18.1C                          
061714110813105631レッドラウダ　　　　　　　　　　　　  7.4  2.3  3.6 -1.8  0.4 45  9.6  5                        
061714110909100623メイショウノーベル　　　　　　　　　 69.4 13.8-12.5-10.1 -7.5 38  0.0                           
061714111011101031ペイシャモンシェリ　　　　　　　　　  4.2  1.6 19.0 10.9  9.7 55 12.5                           
061714111110103911プリムラブルガリス　　　　　　　　　 26.9  5.9-12.5 -8.3 -6.8 38  0.0                           
061714111211110074ナンチンノン　　　　　　　　　　　　 27.6  6.0 -2.9 -5.2 -2.8 42  0.0  5                        
061714111311104184マキャヴィティ　　　　　　　　　　　 16.1  3.9  5.0  1.9  2.2 47  0.0                           
061714111411105579エイシンヴァラー　　　　　　　　　　 32.8  7.1-12.5 -4.8 -5.5 39  0.0                           
061714120111102041ショウナンワダチ　　　　　　　　　　 14.3  3.6  0.7  5.0  2.0 32  0.0                           
061714120212101157ダイトウキョウ　　　　　　　　　　　 11.4  3.0  3.4 -1.6  0.4 30  7.7                           
061714120312102404エリーティアラ　　　　　　　　　　　  8.4  2.6  0.5  7.0  2.7 33  0.0                           
061714120412102808イキオイ　　　　　　　　　　　　　　 42.5  9.1 20.7  4.8  8.0 38  0.0                           
061714120509100706リバティーホール　　　　　　　　　　 38.7  8.4-11.3  6.4 -1.0 29  0.0                           
061714120613105833ダノンアイリス　　　　　　　　　　　  3.8  1.6 14.6 17.2 10.7 41 12.8                           
061714120711102827イーグルアモン　　　　　　　　　　　 18.6  4.4  6.3-12.2 -2.6 27  9.2  0                        
061714120813106441ミキノドラマー　　　　　　　　　　　 38.2  8.3-11.3 -7.0 -6.0 24  0.0                           
061714120913104491ミエノドリーマー　　　　　　　　　　  7.6  2.4  6.0 11.9  6.2 36  6.7                           
061714121011101727イオラニ　　　　　　　　　　　　　　  6.6  2.1 12.0  1.6  4.2 34 15.2                           
061714121112103720トーホウハニー　　　　　　　　　　　 41.1  8.8-10.0 -4.4 -4.6 25  0.0  0                        
061714121213104362コスモフレンチ　　　　　　　　　　　 39.7  8.6 -5.2  4.7  0.2 30  0.0                           
061714121309104888レヴァンタール　　　　　　　　　　　 87.5 17.6-10.0 -6.3 -5.3 25  0.0                           
061714121413100058ナムラバイオレット　　　　　　　　　 39.6  8.5-10.0  4.7 -1.3 29  0.0                           
061714121513105860ネバーリグレット　　　　　　　　　　 13.2  3.3 -3.5 -2.7 -2.0 28 11.6                           
061714121612104122ナイトフォックス　　　　　　　　　　  4.2  1.7 11.5 10.0  7.1 37  5.8                           
071711010114103558ウイングルイーズ　　　　　　　　　　 51.5  9.2-11.3-11.1 -7.5 -2  0.0                           
071711010214105654フィルムフランセ　　　　　　　　　　  3.9  1.5  9.0 12.5  7.1 12 15.0  4                        
071711010314101591ブライティアセンス　　　　　　　　　 51.9  9.2-10.0 -4.5 -5.0  0  0.0                           
071711010414105803サンタテレサ　　　　　　　　　　　　  5.5  1.7  6.8  7.1  4.6 10 17.5                           
071711010514105325シェッドラスター　　　　　　　　　　 30.9  5.8  0.0-20.0 -6.0 -1  0.0  0                        
071711010614101843マリノカーニバル　　　　　　　　　　 82.1 13.9 -4.0-20.0 -7.5 -2  0.0  0                        
071711010714103308レソルテ　　　　　　　　　　　　　　 51.0  9.1-11.3-11.0 -7.4 -2  0.0                           
071711010814103584メイショウササユリ　　　　　　　　　  5.2  1.6 12.2 26.6 12.5 17 11.4                           
071711010914101141キュイラッサ　　　　　　　　　　　　 31.7  5.9-11.0-17.1 -9.2 -4  0.0  0                        
071711011014106086ピンクブリザード　　　　　　　　　　 12.3  2.7 -1.4  7.9  1.9  7  0.0                           
071711011114102765クリノエカテリーナ　　　　　　　　　 64.1 11.0-13.0-11.6 -8.2 -3  0.0                           
071711011214104345バーニングテイスト　　　　　　　　　 39.4  7.2 -6.0 -8.1 -4.6  0  0.0                           
071711011314104705マサノカオリ　　　　　　　　　　　　 90.0 15.1-11.0-13.8 -8.2 -3  0.0                           
071711011414103574グレートコマンダー　　　　　　　　　 19.9  4.0 -3.0-11.0 -4.4  1  0.0                           
071711011514106210アオイテソーロ　　　　　　　　　　　  2.6  1.3 22.0 18.1 13.5 18 13.8                           
071711011614101072アイアンヒナマツリ　　　　　　　　　 81.0 13.7-11.3-11.0 -7.4 -2  0.0                           
071711020114103494タイキワンダー　　　　　　　　　　　 21.7  4.8-11.0-11.1 -7.4 -2  0.0                           
071711020214102964ビーハッピー　　　　　　　　　　　　 89.7 17.4-10.0-11.2 -7.0 -2  0.0                           
071711020314100521タガノグルナ　　　　　　　　　　　　 14.2  3.4 16.0 30.0 14.9 20 15.8  2                        
071711020414101226ハイクアウト　　　　　　　　　　　　 27.9  6.0-11.0-11.0 -7.3 -2  0.0                           
071711020514100583プエルタデルソル　　　　　　　　　　  7.2  2.2 10.3  8.9  6.4 11  0.0                           
071711020614101756ティーリアル　　　　　　　　　　　　 25.0  5.5-10.5-16.6 -8.8 -4  0.0                           
071711020714105004ラッキーハピーガイ　　　　　　　　　 89.7 17.4-10.0-11.2 -7.0 -2  0.0                           
071711020814100069マイネルエーポス　　　　　　　　　　 13.8  3.4 -4.4  9.1  1.1  6  0.0                           
071711020914104297ダンツプロシード　　　　　　　　　　  5.5  1.9  9.4 17.0  8.5 14 15.0                           
071711021014103561メイショウトコシエ　　　　　　　　　 18.6  4.3-11.0-13.8 -8.2 -3  0.0                           
071711021114102868シャーロック　　　　　　　　　　　　107.5 20.8-11.3-11.0 -7.4 -2  0.0                           
071711021214106256フォースライン　　　　　　　　　　　  7.3  2.3 14.0 15.3  9.7 15 17.5  2                        
071711021314105254ブレイブウォリアー　　　　　　　　　 10.9  2.8  4.5-11.0 -1.6  3  0.0                           
071711021414102110キクノプルス　　　　　　　　　　　　 81.8 16.0-11.0-12.5 -7.8 -3  0.0  0                        
071711021514110046レーヴァンドール　　　　　　　　　　 12.7  3.1  6.0 10.2  5.3 10  0.0                           
071711021614101085ロードバリスタ　　　　　　　　　　　  2.9  1.4 21.0 22.6 14.5 19 13.8                           
071711030114103677ウインクリーヴ　　　　　　　　　　　 38.2  6.2-10.0-11.2 -7.0 -2  0.0                           
071711030214100397スマートブローラ　　　　　　　　　　 12.5  2.5 -0.5-10.2 -3.2  2  0.0  0                        
071711030314100454テイエムガリバー　　　　　　　　　　 14.1  2.7  6.6-13.4 -1.6  3  0.0                           
071711030414102613メイショウラクエン　　　　　　　　　 75.2 11.2-13.0 -3.6 -5.8 -1  0.0                           
071711030514104381スマートニンバス　　　　　　　　　　  1.8  1.2 22.0 32.6 17.8 23 13.8                           
071711030614102627クリノワシントン　　　　　　　　　　 16.4  3.1  4.0 12.9  5.3 10  0.0  5                        
071711030714104570スマートリンク　　　　　　　　　　　 91.7 13.5-10.0-11.2 -7.0 -2  0.0                           
071711030814104201アイファーサフラン　　　　　　　　　 53.5  8.4-11.0 -9.0 -6.7 -2  0.0                           
071711030914101291ビップアンフィル　　　　　　　　　　 12.2  2.5 12.2 13.2  8.4 13  0.0                           
071711031014100766フェスティヴワール　　　　　　　　　 81.1 12.0-10.0 -4.5 -5.0  0  0.0                           
071711031114104234キンシノスパーク　　　　　　　　　　  8.6  2.1  9.6 18.0  8.9 14 11.4                           
071711031214106529ビックリシタナモー　　　　　　　　　  5.4  1.6 11.1 26.3 12.0 17 15.0  3                        
071711031314102021ビバジャンティ　　　　　　　　　　　 33.1  5.4-10.0 -5.8 -5.4  0  0.0                           
071711031414103254メモリートニック　　　　　　　　　　 28.4  4.8 -3.0-11.0 -4.4  1  0.0                           
071711031514101839クラウンジョイア　　　　　　　　　　 40.0  6.4-10.0-11.2 -7.0 -2  0.0                           
071711031614105692ウォーターフロート　　　　　　　　　 68.8 10.3-11.0-10.1 -7.1 -2  0.0  0                        
071711040109106336セイクリッドロード　　　　　　　　　  4.9  1.7 15.0 11.2  8.9  9 15.0                           
071711040209104585ローレルブレット　　　　　　　　　　 27.5  5.5-10.0  0.8 -3.4 -3  0.0                           
071711040312103352アイファーマグオー　　　　　　　　　 19.8  4.2  0.9 12.0  3.9  4  0.0  5                        
071711040411101451ワイルドダラー　　　　　　　　　　　 22.5  4.6-10.0-20.0 -9.7-10  0.0                           
071711040513102541エイシンギガント　　　　　　　　　　 41.1  7.9-11.0-10.8 -7.3 -7  0.0  0                        
071711040613104134スリージェット　　　　　　　　　　　 31.8  6.3-10.0  0.8 -3.4 -3  0.0                           
071711040713105173テイエムサンピラー　　　　　　　　　 49.9  9.4-11.0-20.0-10.0-10  0.0                           
071711040813105103トーアヒミコ　　　　　　　　　　　　  2.5  1.3 20.0 19.7 13.2 13 13.8                           
071711040913102500ウラワザ　　　　　　　　　　　　　　 41.8  8.0-10.0-11.2 -7.0 -7  0.0                           
071711041007100107マックスドリーム　　　　　　　　　　  5.1  1.7 18.1 29.1 15.4 15 16.3                           
071711041113100361アズマタックン　　　　　　　　　　　 31.6  6.2      -9.0 -2.7 -3  0.0                           
071711041211105975エリーフェアリー　　　　　　　　　　  8.1  2.3  6.0 14.0  6.4  6 13.1                           
071711041311105897スズカプリティー　　　　　　　　　　 32.7  6.4 10.0-11.2  0.3  0  0.0                           
071711041411104076プリンスダム　　　　　　　　　　　　  6.7  2.0 10.5  3.6  4.9  5  0.0                           
071711050109105485スカイアクセス　　　　　　　　　　　 24.0  3.8-10.0  0.8 -3.4 17  0.0                           
071711050211106242ラステラ　　　　　　　　　　　　　　  5.9  1.5 10.0  5.3  5.3 25 16.3                           
071711050309106109ダローネガ　　　　　　　　　　　　　  1.9  1.2 22.7  5.0  9.8 30 13.8                           
071711050410100656グリーティングワン　　　　　　　　　 29.6  4.5-10.0 -5.3 -5.3 15  0.0                           
071711050512105953ワールドカップ　　　　　　　　　　　 30.3  4.6 -1.8 -9.0 -3.4 17  0.0                           
071711050611106610シベリアンタイガー　　　　　　　　　 12.5  2.3  6.0  2.2  2.9 23  0.0                           
071711050712103216サンディアタッチ　　　　　　　　　　 17.1  2.9  6.0  0.0  2.2 22  0.0                           
071711050810104551リスヴェリアート　　　　　　　　　　  3.8  1.3 14.2 15.6  9.9 30 15.0                           
071711050910104398サダムコーテイ　　　　　　　　　　　  7.3  1.7 15.0 12.6  9.3 29 12.3                           
071711060113101694デルマコウモン　　　　　　　　　　　 18.8  4.0  6.0 -4.5  0.9 21  0.0                           
071711060213104099タガノモーサン　　　　　　　　　　　  3.0  1.4 22.0 23.6 15.1 35 13.8  1  115   62              
071711060313103624メイショウトキン　　　　　　　　　　 25.0  5.1-11.0 -0.5 -4.2 16  0.0                           
071711060413102820トルシュローズ　　　　　　　　　　　 14.1  3.2 -0.5-11.0 -3.5 17  0.0                           
071711060511105661ランズデール　　　　　　　　　　　　 89.2 16.0-11.0-11.4 -7.5 13  0.0                           
071711060612103540タイセイプレシャス　　　　　　　　　  3.7  1.5 20.0 16.8 12.4 32 15.0                           
071711060711106074ジーニアイ　　　　　　　　　　　　　 42.1  8.1-10.0-11.2 -7.0 13  0.0                           
071711060811102712ダイメイリシャール　　　　　　　　　 34.2  6.7  6.0 -4.5  0.9 21  0.0                           
071711060913110126ボーサンシー　　　　　　　　　　　　  7.5  2.2 13.2 13.2  8.8 29 16.3                           
071711061011101699ウエスタンニンジャ　　　　　　　　　 50.5  9.6-10.0-11.2 -7.0 13  0.0                           
071711061113100243ジェイシックス　　　　　　　　　　　 32.5  6.4-11.0-16.6 -9.0 11  0.0                           
071711061213102626ミスズスター　　　　　　　　　　　　 23.5  4.8-11.0 -4.3 -5.3 15  0.0                           
071711061312106136ワイドヴィンチェレ　　　　　　　　　 51.1  9.7-11.0-11.0 -7.3 13  0.0                           
071711061413110036ジングルベルロック　　　　　　　　　  9.5  2.6  1.0  7.9  2.7 23  0.0                           
071711061512102583ステラルーチェ　　　　　　　　　　　  8.4  2.3 15.0  9.7  8.4 28 12.3                           
071711061612101358タイセイアニマート　　　　　　　　　 18.2  3.9-10.0-11.2 -7.0 13  0.0                           
071711070114105362マーヴェルズ　　　　　　　　　　　　 14.0  3.1  6.8 11.0  5.8 11  0.0                           
071711070214105694シシャルディン　　　　　　　　　　　 15.4  3.3 -4.7  6.6  0.3  5  0.0                           
071711070314100584ライトオブピース　　　　　　　　　　 21.6  4.4  0.0 -2.5 -0.8  4  0.0                           
071711070414105518ブランニューカップ　　　　　　　　　 53.4  9.8-11.3-11.8 -7.7 -3  0.0  0                        
071711070514100839ショウナンダリア　　　　　　　　　　 34.9  6.6-10.0 -4.5 -5.0  0  0.0                           
071711070614104771トーヨーピース　　　　　　　　　　　 36.2  6.8-11.0-16.3 -8.9 -4  0.0                           
071711070714102261スマートシグルズ　　　　　　　　　　  5.8  1.8 12.2  7.1  6.6 12 11.4                           
071711070814100230ウインプルミエ　　　　　　　　　　　 60.2 10.7-11.3-20.0-10.1 -5  0.0  0                        
071711070914100576フリーフリッカー　　　　　　　　　　 11.8  2.7-11.0  8.3 -1.5  3 17.5                           
071711071014105320グラットシエル　　　　　　　　　　　  2.5  1.3 16.5 40.0 18.0 23 13.8                           
071711071114100029ミツカネマジック　　　　　　　　　　 51.0  9.4-10.0-11.2 -7.0 -2  0.0                           
071711071214101197モズアトラクション　　　　　　　　　 42.0  7.9 -1.4  6.6  1.5  6  0.0                           
071711071314105702デルマアマギゴエ　　　　　　　　　　 62.2 11.0-10.0-11.2 -7.0 -2  0.0                           
071711071414100707コスモキバレ　　　　　　　　　　　　 47.2  8.7-10.0-11.2 -7.0 -2  0.0                           
071711071514105154マイネルフォーマル　　　　　　　　　 80.0 14.0-10.0-11.2 -7.0 -2  0.0                           
071711071614103981アルマシャール　　　　　　　　　　　  4.5  1.6 16.2  3.8  7.1 12 15.0                           
071711071714105835エミットライト　　　　　　　　　　　 13.0  2.9  6.0  0.8  2.4  7  0.0                           
071711071814103149サンマルホマレ　　　　　　　　　　　111.8 19.3-11.0-12.5 -7.8 -3  0.0  0                        
071711080113105415シュナウザー　　　　　　　　　　　　  2.2  1.2 15.0 20.3 11.6 32 13.8                           
071711080213100998ドゥドゥドゥ　　　　　　　　　　　　 55.4  8.7-11.3-20.0-10.1 10  0.0  0                        
071711080313105969アドマイヤリアル　　　　　　　　　　  3.8  1.4  7.0 22.1  9.2 29 15.0                           
071711080412103296ニホンピロサンダー　　　　　　　　　 30.7  5.3-13.0-16.6 -9.7 10  0.0                           
071711080513103448スフェーン　　　　　　　　　　　　　 15.2  3.0  6.0 10.7  5.4 25 13.1                           
071711080611103930ダンスールクレール　　　　　　　　　 42.0  6.9-10.0 -4.5 -5.0 15  0.0                           
071711080713105800オーパ　　　　　　　　　　　　　　　  4.8  1.5 11.1 30.0 13.1 33 16.3                           
071711080812102052エアシーラン　　　　　　　　　　　　 63.7  9.9-10.5-11.1 -7.2 13  0.0                           
071711080911104883ランドントウォーク　　　　　　　　　 79.8 12.3-10.0-11.2 -7.0 13  0.0                           
071711081010104563ドリームリヴァール　　　　　　　　　 14.4  2.9 10.0  9.7  6.6 27  0.0                           
071711081112103305ミュゼバトラー　　　　　　　　　　　 15.9  3.1  6.0-11.2 -1.2 19  0.0                           
071711081213102384ベルウッドタマド　　　　　　　　　　 47.9  7.8-10.0-11.2 -7.0 13  0.0                           
071711081312104654ブロウユアマインド　　　　　　　　　 77.1 11.9-11.3-10.2 -7.2 13  0.0  0                        
071711081412100286クリノダイシャリン　　　　　　　　　132.7 20.0-10.0-11.2 -7.0 13  0.0                           
071711081509105766パラティーノ　　　　　　　　　　　　 18.4  3.5  6.0  6.7  4.2 24  0.0                           
071711081612106270イッセイイチダイ　　　　　　　　　　 43.1  7.1-10.0-11.2 -7.0 13  0.0                           
071711090112102624エイブルボス　　　　　　　　　　　　 20.2  4.2-10.0 -4.5 -5.0 15 14.9                           
071711090213106293フリームーヴメント　　　　　　　　　 71.9 12.8-10.0 -4.5 -5.0 15  0.0                           
071711090312104085ヴェネト　　　　　　　　　　　　　　  5.7  1.8 15.4 21.6 12.1 32 15.0  2                        
071711090412104115レッドオルバース　　　　　　　　　　  6.6  2.0 10.0 24.2 10.9 31 16.3  2                        
071711090512102028エスジープログレス　　　　　　　　　 36.8  7.0-11.0-12.1 -7.7 12  0.0                           
071711090613103024マテラアリオン　　　　　　　　　　　 17.1  3.7-11.0-11.0 -7.3 13  0.0                           
071711090712104168オメガハートソング　　　　　　　　　 21.6  4.4 -3.0 10.7  2.1 22  0.0                           
071711090813105524ソーアメージング　　　　　　　　　　 29.7  5.8-10.0-11.2 -7.0 13  0.0                           
071711090913100195ホッコーモモタン　　　　　　　　　　 30.1  5.9-10.0  1.3 -3.3 17  0.0                           
071711091011104071キミニヒトメボレ　　　　　　　　　　 58.7 10.5-11.3-11.0 -7.4 13  0.0                           
071711091112104605ウォークロニクル　　　　　　　　　　 22.3  4.5  6.0 -3.8  1.1 21  0.0                           
071711091213104707ボーアムルーズ　　　　　　　　　　　161.1 27.8-10.0-20.0 -9.7 10  0.0  0                        
071711091312106262サダムリスペクト　　　　　　　　　　 67.9 12.1-10.5-10.8 -7.1 13  0.0  0                        
071711091411103555プロタゴニスト　　　　　　　　　　　 70.2 12.5-10.0-11.2 -7.0 13  0.0                           
071711091511106267プリンセスアスク　　　　　　　　　　 28.8  5.6 -3.0-10.1 -4.1 16  0.0  0                        
071711091612101006ペガサスボス　　　　　　　　　　　　  2.3  1.3 22.0 18.1 13.5 33 13.8                           
071711091713106078プルメリアブーケ　　　　　　　　　　  8.3  2.3 15.0  9.2  8.3 28  0.0                           
071711091812100883キャノンプレート　　　　　　　　　　 15.8  3.4 12.0 -2.6  3.6 24  0.0                           
071711100113101446ウインハートビート　　　　　　　　　 34.1  6.5-11.0-18.2 -9.5 11  0.0                           
071711100211100215クラウンルシフェル　　　　　　　　　 19.6  4.1  6.0 -3.8  1.1 21  0.0                           
071711100310102214リュウツバメ　　　　　　　　　　　　 80.5 14.1-10.0-11.2 -7.0 13  0.0                           
071711100413101513コーディネーター　　　　　　　　　　 21.8  4.4-11.0-11.0 -7.3 13  0.0                           
071711100512105571サウンドドゥイット　　　　　　　　　 18.9  4.0 -4.4 10.2  1.4 21  0.0  4                        
071711100612101477カレンローザネーラ　　　　　　　　　 41.2  7.8-11.0-13.8 -8.2 12  0.0                           
071711100713104408コパノチャンス　　　　　　　　　　　 36.1  6.9-10.0 -5.3 -5.3 15  0.0                           
071711100813100389クリーンファンキー　　　　　　　　　  7.9  2.2  6.0  9.5  5.1 25 11.4                           
071711100913100394ロックオン　　　　　　　　　　　　　 10.8  2.5  2.2 13.8  4.9 25  0.0  3                        
071711101013106235スパイチャクラ　　　　　　　　　　　  2.8  1.4 19.5 24.1 14.4 34 13.8                           
071711101113103793コマユ　　　　　　　　　　　　　　　 86.0 15.1-11.0-17.1 -9.2 11  0.0  0                        
071711101212104943プレシャスロード　　　　　　　　　　 52.7  9.7-11.0 -2.5 -4.8 15  0.0                           
071711101312105331ドルメロ　　　　　　　　　　　　　　 26.1  5.2-10.0 -9.3 -6.5 14 26.3  0                        
071711101411104420ダブルコーク　　　　　　　　　　　　 24.3  4.8-10.0 -2.8 -4.5 15  0.0                           
071711101513100362ペイザージュ　　　　　　　　　　　　 37.2  7.1-11.0 -9.6 -6.9 13  0.0                           
071711101612104667アドマイヤジャズ　　　　　　　　　　 18.8  4.0 -0.1 -3.0 -0.9 19  0.0  5                        
071711101713100689ウメマツサクラ　　　　　　　　　　　 16.8  3.6  6.6 11.0  5.7 26  0.0                           
071711101813110114スペードクイーン　　　　　　　　　　  3.8  1.5 15.0 13.2  9.5 29 15.0                           
071711110112105433クインズミラーグロ　　　　　　　　　 13.5  3.5  6.0  0.8  2.4 52  0.0                           
071711110211104022マラムデール　　　　　　　　　　　　 34.1  7.7-11.0 -9.1 -6.8 43  0.0                           
071711110312104563カゼルタ　　　　　　　　　　　　　　 37.7  8.4-11.0-11.0 -7.3 43  0.0                           
071711110411103869サンソヴール　　　　　　　　　　　　 31.9  7.2-10.0-13.3 -7.7 42  0.0                           
071711110511100497リーサルウェポン　　　　　　　　　　 28.5  6.5  9.6-12.0 -0.1 50  0.0  0                        
071711110611104724ウインリバティ　　　　　　　　　　　 44.1  9.8-11.3-20.0-10.1 40  0.0  0                        
071711110712102682プリメラアスール　　　　　　　　　　  4.3  1.7 11.9 11.0  7.7 58 15.0                           
071711110810103921ゴールドテーラー　　　　　　　　　　 30.1  6.9-11.3-10.1 -7.2 43  0.0  0                        
071711110911105685アンジェリック　　　　　　　　　　　 25.9  6.0-10.0-11.2 -7.0 43  0.0                           
071711111012104065シャルール　　　　　　　　　　　　　  7.1  2.3  1.0 17.8  5.7 56 18.8                           
071711111112104407マキシマムドパリ　　　　　　　　　　  4.5  1.7 12.2 20.8 10.7 61  0.0                           
071711111213101040クリノラホール　　　　　　　　　　　  4.2  1.7  7.0 25.6 10.2 60 13.8  1  230   50              
071711111311104124レーヴデトワール　　　　　　　　　　 22.9  5.4 -4.7  6.6  0.3 50  0.0                           
071711111411105890ヒルノマテーラ　　　　　　　　　　　  6.9  2.3  4.0  7.2  3.6 54 12.3                           
071711111513105715ダイワドレッサー　　　　　　　　　　 23.0  5.4  6.0 11.4  5.6 56  0.0                           
071711120113103823メイショウシャチ　　　　　　　　　　 29.6  5.5-11.0-11.0 -7.3 23  0.0                           
071711120213101531クリムゾンバローズ　　　　　　　　　  6.6  1.9 10.0 13.9  7.8 38 16.3                           
071711120313104590リバーサイドパーク　　　　　　　　　 71.9 12.2-11.0-17.1 -9.2 21  0.0  0                        
071711120409109113ヒカルランナー　　　　　　　　　　　 61.9 10.6-10.0-11.2 -7.0 23  0.0                           
071711120513103812ブロワ　　　　　　　　　　　　　　　 24.2  4.6-10.0 -9.3 -6.5 24  0.0  0                        
071711120613110097ストロボフラッシュ　　　　　　　　　  2.5  1.3 20.0 18.4 12.9 43 13.8                           
071711120713105382シアーライン　　　　　　　　　　　　  4.1  1.5 15.0 17.3 10.7 41 15.0                           
071711120811103838ギャラクシーエクス　　　　　　　　　 35.1  6.4-11.0-11.0 -7.3 23  0.0                           
071711120913102855コージェント　　　　　　　　　　　　 70.2 11.9-11.0-11.0 -7.3 23  0.0                           
071711121013104664ナムラボルト　　　　　　　　　　　　 47.1  8.4-11.0-13.1 -8.0 22  0.0                           
071711121112100361ディアドナテロ　　　　　　　　　　　 58.7 10.0-10.0-11.2 -7.0 23  0.0                           
071711121212101723クリノリーソクツモ　　　　　　　　　 78.4 13.2-11.0-11.9 -7.6 22  0.0                           
071711121312100912タマモイレブン　　　　　　　　　　　 21.9  4.3 -3.0 -4.0 -2.3 28  0.0                           
071711121411110089ゼアミ　　　　　　　　　　　　　　　  8.2  2.2  6.0 -2.8  1.4 31  0.0                           
071711121513101678ウインオスカー　　　　　　　　　　　 12.2  2.7  0.9 20.0  6.3 36  0.0  4                        
071711121611106559ミキノグランプリ　　　　　　　　　　 10.7  2.5 -1.0  9.4  2.5 32 13.1                           
081714010114101563スズカフューラー　　　　　　　　　　 37.3  4.8-11.1 -2.8 -4.9  0  8.0                           
081714010214106260ウエスタンアッレ　　　　　　　　　　 35.6  4.6 -6.8 -3.4 -3.5  1  0.0  5                        
081714010314104858バングライオン　　　　　　　　　　　  3.6  1.3 17.0 17.2 11.4 16 17.2                           
081714010414103742アラノイケアリイ　　　　　　　　　　 22.5  3.2  8.2  4.9  4.5  9  5.5                           
081714010514103183クリノカエサル　　　　　　　　　　　 63.7  7.6-11.1-13.0 -8.0 -3  0.0  0                        
081714010614100959メイショウラケーテ　　　　　　　　　  8.8  1.8 10.6 14.3  8.2 13 14.2                           
081714010714101536ヒミノクリスエス　　　　　　　　　　 41.0  5.2 -8.6  9.9 -0.2  5  0.0  5                        
081714010814103926サトノインプレス　　　　　　　　　　 49.1  6.1-15.0-16.2-10.4 -5  0.0                           
081714010914100611ライクアエンジェル　　　　　　　　　 16.9  2.6  1.4  8.3  3.0  8  6.9  5                        
081714011014103454ハンズスミス　　　　　　　　　　　　 39.5  5.1 -8.5  6.9 -1.0  4  0.0                           
081714011114104631ハーバーライナー　　　　　　　　　　 76.5  8.9-11.7-17.1 -9.4 -4  0.0  0                        
081714011214105208ビップハーデス　　　　　　　　　　　 26.6  3.6  2.7 -7.0 -1.1  4  0.0                           
081714011314102659オーサムバローズ　　　　　　　　　　  1.7  1.2 22.6 19.9 14.3 19 17.4                           
081714011414103476メイショウタカモリ　　　　　　　　　 18.5  2.8 -2.7  9.0  1.7  7  7.4  5                        
081714020114100780カシノメガロス　　　　　　　　　　　 62.4 10.0-11.7-11.6 -7.8 -3  0.0                           
081714020214105759マサハヤスター　　　　　　　　　　　 28.2  5.0  3.9 -5.3 -0.2  5  6.5                           
081714020314100783テイエムメガパワー　　　　　　　　　 29.6  5.2  3.9  3.0  2.3  7 12.0  0                        
081714020414103303トーマス　　　　　　　　　　　　　　 23.4  4.3 -7.8 10.9  0.4  5  0.0                           
081714020514101497シゲルクーガー　　　　　　　　　　　 12.4  2.6  5.1 35.0 12.4 17  0.0                           
081714020614106241サーカムスタンス　　　　　　　　　　 14.7  3.0 -5.9 29.4  6.7 12  0.0                           
081714020714103286ワールドヴィジョン　　　　　　　　　 16.0  3.2  1.8  8.2  3.1  8 25.3                           
081714020814100613ワンフォーオール　　　　　　　　　　  2.3  1.2 18.2 17.6 12.0 17 10.0                           
081714020914104036ハギノプレスト　　　　　　　　　　　 53.3  8.9-11.1 -1.9 -4.6  0  0.0                           
081714021014104965ナムラマリア　　　　　　　　　　　　 43.3  7.3 -3.8 -5.5 -3.0  2  0.0                           
081714021114103520ミキノトランペット　　　　　　　　　  3.8  1.4 15.6 22.3 12.4 17 17.2                           
081714021214103669ワンダーラジャ　　　　　　　　　　　 25.1  4.5-11.6 -4.0 -5.5  0  8.8                           
081714021314103603サンライズカラマ　　　　　　　　　　 31.8  5.6 -4.6 -3.4 -2.7  2  0.0  0                        
081714021414103739トーキングポイント　　　　　　　　　 71.6 11.4 -8.5-12.7 -6.9 -2  0.0                           
081714021514106104オクラホマ　　　　　　　　　　　　　  6.0  1.7  7.2 12.7  6.4 11  6.4                           
081714021614102836デッドポイント　　　　　　　　　　　123.1 19.1-11.7-17.1 -9.4 -4  0.0  0                        
081714030114103398メイショウシオサイ　　　　　　　　　 63.1 10.9-11.1-15.1 -8.6 -4  0.0  0                        
081714030214103710シゲルポインター　　　　　　　　　　 94.8 16.0-11.1-14.4 -8.4 -3  0.0  0                        
081714030314105805バルコラベーロ　　　　　　　　　　　  9.5  2.5  9.2 20.1  9.4 14 14.1  3                        
081714030414102683ヤマノヒマワリ　　　　　　　　　　　 13.3  2.9  2.1 15.5  5.4 10  7.8  3                        
081714030514103173ペプチドホープ　　　　　　　　　　　 39.4  7.2 -9.4 -9.1 -6.2 -1  0.0  0                        
081714030614101093メヌエット　　　　　　　　　　　　　  2.2  1.3 15.9 15.9 10.6 16 15.4                           
081714030714102298ショウナンカノン　　　　　　　　　　 47.4  8.5 -7.7-11.1 -6.2 -1  0.0                           
081714030814106408アーダルベルト　　　　　　　　　　　 27.3  5.2-11.7  8.6 -1.7  3  0.0                           
081714030914103278トゥルーヒーロー　　　　　　　　　　  8.0  2.2 13.1 14.7  9.2 14 15.3                           
081714031014100596ランバージャック　　　　　　　　　　  7.3  2.0  2.4  7.4  3.1  8 20.5                           
081714031114104162サンライズシー　　　　　　　　　　　 34.6  6.4 -5.8 -2.5 -2.9  2  0.0                           
081714031214103553メイショウジンダイ　　　　　　　　　 23.6  4.6  0.6-19.7 -5.7 -1  0.0  0                        
081714031314100482トウカイシュテルン　　　　　　　　　  5.1  1.7 14.6 14.1  9.6 15  4.1                           
081714031414106261メイクミーハッピー　　　　　　　　　 16.5  3.5 -8.5 -5.5 -4.8  0  0.0                           
081714031514101257エスシーフロスト　　　　　　　　　　 63.1 10.9-11.1 -2.8 -4.9  0  0.0                           
081714031614102415ポーラーブレイズ　　　　　　　　　　 90.9 15.4-11.7 -7.0 -6.4 -1  0.0                           
081714040114104752ゴートゥームーヴ　　　　　　　　　　  7.9  2.3  4.4 -0.7  1.4  1  6.9                           
081714040214100120クリノキング　　　　　　　　　　　　 40.6  8.3-11.1-17.3 -9.3 -9  0.0  0                        
081714040314110103クィーンズロード　　　　　　　　　　  3.6  1.5  5.1 10.4  5.0  5 12.0                           
081714040414104222モーニングニュース　　　　　　　　　 43.4  8.8 -1.8 -7.0 -2.8 -3  0.0                           
081714040514100529クインズマラクータ　　　　　　　　　 13.6  3.3  5.6-11.1 -1.3 -1  0.0                           
081714040614103682パープルフランケン　　　　　　　　　 64.0 12.4-11.1-10.7 -7.3 -7  0.0                           
081714040714100907パルトネール　　　　　　　　　　　　 14.0  3.3 -2.5  8.5  1.6  2  0.0                           
081714040814104573スズカチャレンジ　　　　　　　　　　  3.7  1.6 10.1 21.1 10.0 10 17.2  4                        
081714040914105541クリスプウインド　　　　　　　　　　 32.5  6.8 -8.5-13.2 -7.1 -7  0.0  0                        
081714041014102804トーアバカラ　　　　　　　　　　　　 77.1 14.8-11.7-12.0 -7.9 -8  0.0                           
081714041114100338クインズヌーサ　　　　　　　　　　　 16.8  3.9  6.0  5.1  3.7  4  0.0                           
081714041214110007エイシンククルカン　　　　　　　　　  6.2  2.0  6.6  5.7  4.1  4 20.5                           
081714041314103569メイショウサワカゼ　　　　　　　　　 11.8  2.9 -3.0 15.8  3.6  4  5.1                           
081714041414104520ニホンピロメアリー　　　　　　　　　 51.5 10.3 -8.5-14.4 -7.4 -7  0.0  0                        
081714041514105217シュンノカミ　　　　　　　　　　　　 15.1  3.5  4.3  6.7  3.6  4 16.4                           
081714041614103968ソニックセンス　　　　　　　　　　　 42.8  8.7 -4.5-11.2 -5.0 -5  0.0                           
081714050114105323ファームフェイス　　　　　　　　　　  7.1  2.1 11.1 10.2  7.1 12 22.1                           
081714050214101167ワンダーアマービレ　　　　　　　　　 56.4 10.6-11.1-10.2 -7.1 -2 13.2                           
081714050314103044エイシンウメ　　　　　　　　　　　　 83.7 15.4-11.7  7.9 -1.9  3  0.0  5                        
081714050414100591マナローラ　　　　　　　　　　　　　 22.1  4.6 -6.7 -1.9 -3.0  2  0.0                           
081714050514106075アスティル　　　　　　　　　　　　　 17.5  3.9 -3.5  8.8  1.4  6  0.0                           
081714050614106198イェーガーオレンジ　　　　　　　　　  5.6  1.8  4.1  5.2  3.1  8  5.9                           
081714050714103631ローズクイーン　　　　　　　　　　　100.1 18.3-11.7-14.8 -8.7 -4  0.0  0                        
081714050814105779キスミーワンス　　　　　　　　　　　  7.1  2.1  8.6  5.7  4.9 10  0.0                           
081714050914105497ルーズベルトゲーム　　　　　　　　　  6.4  2.0  9.4 10.5  6.6 12 16.7                           
081714051014101383ショルト　　　　　　　　　　　　　　 75.0 13.9-10.8 -1.5 -4.4  1  0.0                           
081714051114106177ダノンキラメキ　　　　　　　　　　　 28.6  5.8-11.1-11.6 -7.6 -3  0.0                           
081714051214105424デルマコイウタ　　　　　　　　　　　 12.0  2.9 11.9  6.3  6.3 11  7.8  5                        
081714051314103678スカイリモーネ　　　　　　　　　　　130.8 23.7-11.7 -2.8 -5.1  0  0.0                           
081714051414101147ミヤジマミー　　　　　　　　　　　　 37.0  7.3 -4.1-10.5 -4.7  0  0.0                           
081714051514105908アルテーロ　　　　　　　　　　　　　 32.4  6.5  0.6  9.7  3.1  8  0.0  5                        
081714051614103546ユイフィーユ　　　　　　　　　　　　  2.5  1.3 17.8 19.9 12.5 17 15.4                           
081714060112102265ブルーガーディアン　　　　　　　　　 89.8 15.7-11.1-12.8 -7.9 12  0.0                           
081714060212105828ダンカン　　　　　　　　　　　　　　 21.8  4.4 -2.1 -1.1 -1.1 19  0.0                           
081714060313110017アンナペレンナ　　　　　　　　　　　 12.2  2.8  1.5 19.0  6.3 26  0.0                           
081714060413101959マイネルアトゥー　　　　　　　　　　 28.6  5.6 -6.8 -1.9 -3.1 17  9.3                           
081714060513105895ナンヨーアーミー　　　　　　　　　　 35.5  6.8 -6.0-14.0 -6.4 14  0.0                           
081714060612101483イェドプリオル　　　　　　　　　　　 12.7  2.9  7.3-11.3 -0.7 19 19.3                           
081714060712104087ワールドリースター　　　　　　　　　 34.2  6.5-12.9 -7.2 -6.9 13  0.0                           
081714060812104908メリーモナーク　　　　　　　　　　　 35.9  6.8-11.7 -9.1 -7.0 13  0.0                           
081714060911104195サトノスーペリア　　　　　　　　　　  3.2  1.4 16.3 18.0 11.4 31 12.0                           
081714061013110068マテラリードル　　　　　　　　　　　 25.8  5.1 -7.9  8.5 -0.3 20  8.8                           
081714061113100831ピスコサワー　　　　　　　　　　　　 17.4  3.7  0.4 -2.2 -0.5 19  0.0                           
081714061213106052アドマイヤロマン　　　　　　　　　　  4.7  1.6  9.6 25.2 11.1 31 11.8  2                        
081714061312105398オウケンワールド　　　　　　　　　　  3.3  1.4 16.7 17.2 11.3 31 19.0                           
081714061413104575トウショウコマンチ　　　　　　　　　 30.4  5.9 -5.1  5.7 -0.2 20  0.0                           
081714061512101055ヒルノマレット　　　　　　　　　　　 40.7  7.7 -5.3 -5.8 -3.7 16  0.0                           
081714061613106256サンマルクラウン　　　　　　　　　　 68.3 12.1-11.7-14.7 -8.7 11  0.0                           
081714070113104671スティルウォーター　　　　　　　　　  9.4  2.8  0.3  5.5  1.8 22  7.8                           
081714070212103532マイネルレオーネ　　　　　　　　　　  7.7  2.4  7.8 20.9  9.1 29 17.5                           
081714070313106002エアワイバーン　　　　　　　　　　　  4.0  1.6 14.4 14.3  9.6 30  5.4                           
081714070413105845ダノンサンシャイン　　　　　　　　　 41.2  9.0 -8.6-10.7 -6.4 14  0.0                           
081714070511100417マハロチケット　　　　　　　　　　　 22.9  5.3 -8.5-11.7 -6.6 13  0.0                           
081714070613105707リセエンヌ　　　　　　　　　　　　　 26.7  6.1 -7.6-14.0 -7.0 13  0.0                           
081714070713105093メイケイレジェンド　　　　　　　　　  4.4  1.7  4.6  0.1  1.7 22  0.0  5                        
081714070813100323ライブリシュナイト　　　　　　　　　106.3 21.7-11.1-12.8 -7.9 12  0.0                           
081714070912104761レントラー　　　　　　　　　　　　　 15.0  3.8 -3.8  9.8  1.5 22  0.0                           
081714071013104248ニホンピロカーン　　　　　　　　　　  8.0  2.5 -0.6 14.7  4.2 24 16.4  2                        
081714071113106107グローリーミスト　　　　　　　　　　107.7 22.0 -8.5-13.2 -7.1 13  0.0  0                        
081714071210106460クリノチョモラーリ　　　　　　　　　 56.1 11.8 -9.7-10.3 -6.6 13  0.0                           
081714071313104014ラガーエミリー　　　　　　　　　　　 38.2  8.4-11.1-14.7 -8.5 12 12.6                           
081714071413106106サトノオニキス　　　　　　　　　　　 23.8  5.5 -1.8  2.2  0.0 20  9.3                           
081714071512100808ヒカリノカケラ　　　　　　　　　　　 67.4 14.0-11.1-17.3 -9.3 11  0.0                           
081714071613105031エクセレントミスズ　　　　　　　　　  4.3  1.7 18.8 28.7 15.5 36 17.2  2                        
081714080111105353スターペスユウコ　　　　　　　　　　  8.1  2.3  8.5 12.8  7.0 27  0.0                           
081714080213105187サラマンカ　　　　　　　　　　　　　 25.4  5.3 -8.5  8.5 -0.6 19  0.0                           
081714080313102781ロイヤルクルーズ　　　　　　　　　　  8.7  2.5 -9.4 26.2  4.4 24  7.4  1  129   54              
081714080412105197ウイングタイガー　　　　　　　　　　123.9 22.6-11.1-14.4 -8.4 12  0.0  0                        
081714080513106313マルクデラポム　　　　　　　　　　　 34.4  6.9 -8.7 -7.0 -5.3 15  0.0                           
081714080613101795オールスマイル　　　　　　　　　　　  6.7  2.1  7.8 13.1  6.8 27  9.9                           
081714080713104051ヤマカツサファイヤ　　　　　　　　　 25.3  5.2 -4.4-12.2 -5.3 15 11.4                           
081714080813102849ベルクリア　　　　　　　　　　　　　  2.6  1.4 17.9 16.0 11.4 31 17.4                           
081714080912103704スターリーウインド　　　　　　　　　  5.1  1.8  9.4 21.6  9.9 30  5.9                           
081714081013103391ペプチドブラッサム　　　　　　　　　 50.4  9.8-11.1-14.8 -8.5 11  0.0  0                        
081714081113100960ラッシュストーム　　　　　　　　　　 60.6 11.4-15.0-14.2 -9.8 10  0.0                           
081714081212100953グランシュクレ　　　　　　　　　　　 28.9  5.9-11.1  0.2 -4.0 16  0.0  3                        
081714081312101375ディナスティーア　　　　　　　　　　 11.9  2.9  5.8  9.9  5.1 25 17.4                           
081714081413101996トラストマヴィア　　　　　　　　　　 64.4 12.0-10.8-10.8 -7.2 13  8.6                           
081714081513106059クラシックリディア　　　　　　　　　 23.5  4.9-11.1 -2.7 -4.9 15  0.0                           
081714081613105651ウォーターピオニー　　　　　　　　　 16.6  3.7  6.3  9.5  5.2 25  8.3  5                        
081714090114104922クリノヤマトノオー　　　　　　　　　 23.6  4.2 -6.1-15.1 -6.8 13  0.0                           
081714090214100524ナンヨーマーズ　　　　　　　　　　　  9.1  2.2  9.1 11.3  6.7 27 10.7                           
081714090314104031ハローユニコーン　　　　　　　　　　 11.7  2.4 -0.4 18.5  5.4 25 15.7                           
081714090414105338オールザゴー　　　　　　　　　　　　  5.9  1.7 -0.8 12.3  3.4 23  0.0                           
081714090514105304サングレーザー　　　　　　　　　　　  2.2  1.2 20.6 23.2 14.5 35 17.4                           
081714090614101357シゲルボブキャット　　　　　　　　　 31.4  5.4 -8.5-13.1 -7.0 13  0.0  0                        
081714090714102933ナムラライラ　　　　　　　　　　　　 25.9  4.5 -2.9 -3.9 -2.2 18  6.5                           
081714090814102668サトノクロノス　　　　　　　　　　　 15.2  3.0 -2.3 -0.9 -1.1 19  0.0                           
081714090914105582セイイーグル　　　　　　　　　　　　 10.6  2.3  0.8  4.3  1.6 22  9.0                           
081714091014105928サロニカ　　　　　　　　　　　　　　  3.8  1.4 17.9 14.0 10.8 31 19.0                           
081714100113105794ベアインマインド　　　　　　　　　　  5.5  1.7  5.8 12.6  5.9 36  6.4  4                        
081714100212104152ジルダ　　　　　　　　　　　　　　　 28.1  5.2-11.7-13.9 -8.5 22  0.0  0                        
081714100311105410レディカリビアン　　　　　　　　　　 89.7 14.7-11.1-19.7-10.0 20  0.0  0                        
081714100411104731マイネボニータ　　　　　　　　　　　 45.2  7.9-11.6  7.0 -2.2 28  0.0                           
081714100511103348ヤマニンエルフィン　　　　　　　　　 43.8  7.7 -5.3  4.2 -0.7 29 12.6                           
081714100613106031エマノン　　　　　　　　　　　　　　 26.5  4.9 -2.1  7.0  1.3 31  0.0                           
081714100713102273エイシンティンクル　　　　　　　　　  3.5  1.4 12.9 15.7  9.4 39 19.0  3                        
081714100811105180マイネリベルタス　　　　　　　　　　 37.7  6.7 -8.5 -6.2 -5.0 25  0.0                           
081714100912103980クィーンチャーム　　　　　　　　　　 16.5  3.4  1.7  4.8  2.1 32 11.0                           
081714101012104078アプリコットベリー　　　　　　　　　 22.8  4.3 -1.8 -1.5 -1.1 29  0.0                           
081714101113105358キンショーユキヒメ　　　　　　　　　  5.8  1.7 11.0 16.8  9.1 39 19.6  3                        
081714101213106072アドマイヤリード　　　　　　　　　　  2.6  1.3 18.8 18.5 12.4 42 12.0                           
081714101312103942レーヌドブリエ　　　　　　　　　　　 14.0  3.0  7.7  4.8  4.3 34  0.0                           
081714110112104510ネオスターダム　　　　　　　　　　　 12.4  2.8  9.5 12.7  7.3 42  5.1                           
081714110210105912ボンジュールココロ　　　　　　　　　 53.0  9.6 -9.7 -8.4 -6.1 29  0.0                           
081714110313104956ハクサンルドルフ　　　　　　　　　　  3.2  1.4 16.5  5.7  7.8 43 19.0                           
081714110410101667カフェリュウジン　　　　　　　　　　 52.4  9.5 -9.7-10.3 -6.6 28  0.0                           
081714110510104032アンブリッジ　　　　　　　　　　　　 38.7  7.2 -9.7 -8.4 -6.1 29  0.0                           
081714110613105811レッドアヴァンセ　　　　　　　　　　  3.0  1.4 19.0 19.4 12.8 48  5.4                           
081714110713104544ビナイーグル　　　　　　　　　　　　 17.7  3.7 -5.2 11.6  1.6 37  0.0  1  393   29              
081714110810102402ウエスタンレベッカ　　　　　　　　　 52.4  9.5-11.7-17.1 -9.4 26  0.0  0                        
081714110912110001ストーンウェア　　　　　　　　　　　  6.3  1.9 12.7 16.0  9.5 44  9.9                           
081714111011105562ティーエスネオ　　　　　　　　　　　 14.5  3.1  1.7 13.9  4.8 40  7.8  3                        
081714111112104463マサハヤドリーム　　　　　　　　　　  6.9  2.0 11.8  2.4  5.0 40 15.3                           
081714111211103959ツィンクルソード　　　　　　　　　　 23.7  4.6-11.1-12.0 -7.7 27  0.0                           
081714111310100483トーキングドラム　　　　　　　　　　 19.4  4.0  5.8  0.0  2.1 37 19.6                           
081714111412104512ハッピーユニバンス　　　　　　　　　 36.2  6.7 -4.7 -2.5 -2.5 33  0.0                           
081714120110104897ステイウェル　　　　　　　　　　　　 51.2  9.9-11.7-13.5 -8.3 22  0.0  0                        
081714120211103445ロードヴォルケーノ　　　　　　　　　  7.1  2.1  5.6 10.1  5.1 35  5.9                           
081714120313105956ソーディヴァイン　　　　　　　　　　  4.8  1.7 12.5 13.8  8.7 39 10.0                           
081714120413101739タガノヴィアーレ　　　　　　　　　　  9.0  2.5  6.7-16.6 -2.5 27  0.0  0                        
081714120512104941トレジャーステイト　　　　　　　　　 31.4  6.3-11.7 -6.7 -6.3 24  0.0                           
081714120611104575アバンサル　　　　　　　　　　　　　 52.6 10.2-10.8-15.1 -8.5 22  0.0  0                        
081714120713104759メイショウバーズ　　　　　　　　　　 69.5 12.9 -7.9-13.2 -6.9 23  8.6                           
081714120813105189タンギモウジア　　　　　　　　　　　 24.3  5.1 -1.0 -1.5 -0.8 29  0.0                           
081714120912104484ハラペーニョペパー　　　　　　　　　  5.6  1.8  7.0 21.0  8.9 39 12.7                           
081714121010106256メイショウオオカゼ　　　　　　　　　 73.4 13.6 -8.5-13.8 -7.3 23  0.0                           
081714121111104052クレアドール　　　　　　　　　　　　 14.3  3.3  6.9  2.8  3.4 33 17.4                           
081714121213104461ファビラスヒーロー　　　　　　　　　 14.7  3.4 10.5 -2.6  3.1 33 10.2                           
081714121310103915ウォーシップマーチ　　　　　　　　　 61.1 11.4 -8.5-11.3 -6.5 23  0.0                           
081714121409100359アドマイヤシャドウ　　　　　　　　　 45.0  8.8 -7.9 -1.1 -3.2 27  0.0                           
081714121513102825ワンダーサジェス　　　　　　　　　　  2.7  1.4 19.4 25.6 14.8 45 17.4                           
081714121613105666ピュアコンチェルト　　　　　　　　　 30.4  6.2-11.7-10.2 -7.3 23  0.0                           
