061711010114102717コマノレジェンド　　　　　　　　　　 11.7  2.4  6.0 16.7  7.9 13 16.3  3                        
061711010214100292アクトレス　　　　　　　　　　　　　 34.9  5.8-10.4-16.7 -9.2 -4  0.0  0                        
061711010314105171リンガスネオ　　　　　　　　　　　　  2.6  1.3 16.2 24.5 13.8 19 10.6                           
061711010414102246アベストルース　　　　　　　　　　　 23.6  4.2-10.0 -4.9 -4.8  0 12.3                           
061711010514102740ショウブノセック　　　　　　　　　　 16.5  3.2  6.0 11.8  6.1 11  0.0                           
061711010614100878カシノマルキーズ　　　　　　　　　　104.9 15.8-11.4-11.3 -7.6 -3  0.0                           
061711010714103943サンマルアルティマ　　　　　　　　　 19.3  3.6-10.0 -2.4 -3.9  1  0.0                           
061711010814106407イデアキング　　　　　　　　　　　　 50.9  8.2-11.3-11.4 -7.6 -3  0.0                           
061711010914101813カシノポルカ　　　　　　　　　　　　 79.1 12.1-13.5 -7.7 -6.9 -2  0.0                           
061711011014100438クララフトゥーラ　　　　　　　　　　 20.3  3.7 20.0-12.0  1.6  7  0.0                           
061711011114105225ホワイトファング　　　　　　　　　　  3.0  1.3 12.0 31.2 15.0 20 19.8  2                        
061711011214104035ブロンドブリランテ　　　　　　　　　 96.1 14.5-10.0 -2.0 -3.7  1  0.0                           
061711011314101877アンチャーテッド　　　　　　　　　　  6.3  1.7  7.7  9.2  5.7 11  0.0                           
061711011414105796ジュンスターホース　　　　　　　　　 95.6 14.5-11.4-13.2 -8.3 -3  0.0                           
061711011514103618キタノリツメイ　　　　　　　　　　　 25.4  4.4-10.0 -1.6 -3.6  1  0.0  0                        
061711011614104121ベニノシリウス　　　　　　　　　　　 25.2  4.4  6.0-14.0 -3.3  2  9.1                           
061711020114103117サノリュウ　　　　　　　　　　　　　 55.8 10.7-10.0-10.6 -6.9 -2  0.0                           
061711020214105601トワードポラリス　　　　　　　　　　  2.9  1.4 15.9 28.6 15.3 20 10.6  2                        
061711020314104318コスモオペラ　　　　　　　　　　　　 24.9  5.2 -7.2  6.4  0.2  5 22.2A 2                        
061711020414100924プローン　　　　　　　　　　　　　　 47.2  9.3 -6.3-11.7 -6.2 -1  0.0                           
061711020514104229キモンズラブ　　　　　　　　　　　　 93.7 17.4-13.5-12.4 -8.6 -4  0.0                           
061711020614103927ジェイケイライジン　　　　　　　　　  4.6  1.6 15.0 16.2 10.4 15 19.8                           
061711020714103908ブルターレ　　　　　　　　　　　　　 34.8  7.1 -6.9-12.2 -6.5 -2  0.0                           
061711020814100792クロノスドリーム　　　　　　　　　　 79.7 14.9-11.4-14.1 -8.6 -4  0.0                           
061711020914103782マスカレードシチー　　　　　　　　　 22.9  4.9 -9.1  8.4  0.3  5  0.0                           
061711021014102726パトリヨティスム　　　　　　　　　　 32.0  6.6-11.4-11.4 -7.6 -3  0.0                           
061711021114104074リパーカッション　　　　　　　　　　  5.2  1.7 15.2 14.2  9.8 15 16.3  5                        
061711021214102632ローレルモナルカ　　　　　　　　　　 22.8  4.9  4.5-12.2 -3.1  2  0.0                           
061711021314100136スカーレットラバー　　　　　　　　　  5.0  1.7 12.0  6.3  5.9 11  0.0                           
061711021414101001エドノライト　　　　　　　　　　　　 14.3  3.3  6.0  1.6  2.4  7  0.0  0                        
061711021514103527マイネルアクスト　　　　　　　　　　 88.4 16.5-10.4-11.0 -7.2 -2  0.0                           
061711021614101710スプリングフット　　　　　　　　　　 17.2  3.9 10.0  8.9  6.3 11  0.0                           
061711030114103060ロジキャロル　　　　　　　　　　　　  5.4  1.9-10.0 14.2  2.2  2 12.5                           
061711030214110064エルミーロ　　　　　　　　　　　　　 13.4  3.5-12.5-15.2 -9.3 -9 10.9  0                        
061711030314102656ゴロウマルウィン　　　　　　　　　　 40.5  9.1-10.0-11.8 -7.3 -7  0.0                           
061711030414104041ティーラウレア　　　　　　　　　　　  7.5  2.4 10.0 12.7  7.7  8  6.7                           
061711030514102793ザイマカ　　　　　　　　　　　　　　 25.2  5.9-10.0 -9.1 -6.3 -6  0.0                           
061711030614104444スズカバランス　　　　　　　　　　　 26.6  6.2 -9.0-12.6 -7.3 -7  0.0  0                        
061711030714104512アイヅヒリュウ　　　　　　　　　　　 16.3  4.1  6.7 -2.2  1.2  1  0.0                           
061711030814104360ミヤギファルコン　　　　　　　　　　  7.6  2.5 13.3  8.3  7.0  7  7.2                           
061711030914110023リードザフィールド　　　　　　　　　 29.4  6.8 20.0 -4.7  4.3  4  0.0  0                        
061711031014101106ロードアプローズ　　　　　　　　　　  3.8  1.6 12.0 10.6  7.5  7 12.8                           
061711031114100881マツリダプリンス　　　　　　　　　　106.1 22.2-10.0-10.4 -6.8 -7  0.0                           
061711031214103996グレートブーム　　　　　　　　　　　 31.1  7.1  6.0-11.8 -2.5 -3  0.0                           
061711031314102528ビッグイージー　　　　　　　　　　　 16.9  4.3 -2.0  5.6  1.5  1  0.0  0                        
061711031414110039キエレ　　　　　　　　　　　　　　　  5.1  1.9 15.0 24.9 13.6 14 14.0  1  239   80              
061711031514104388サコウイッパク　　　　　　　　　　　 22.9  5.4 -7.1 -7.9 -5.0 -5  0.0                           
061711031614102429デルママツリ　　　　　　　　　　　　 37.2  8.4-11.3-11.7 -7.7 -8  0.0                           
061711040112103557ゴールドエッグ　　　　　　　　　　　 35.8  6.9 -9.0 -2.4 -3.6 16  0.0                           
061711040213109145カシノエイシ　　　　　　　　　　　　 95.1 16.9-11.4 -7.7 -6.2 14  0.0                           
061711040312105321ローレルウラノス　　　　　　　　　　 52.9  9.9-11.3-10.4 -7.2 13  0.0                           
061711040412103485バイレ　　　　　　　　　　　　　　　 29.0  5.8-10.0-12.9 -7.7 12  0.0  0                        
061711040513102861イーガーアフェクト　　　　　　　　　 58.1 10.6-10.0-12.7 -7.7 12  0.0  0                        
061711040612106315シゲルハダカマツリ　　　　　　　　　  6.2  1.9 15.0 15.7 10.3 30  9.6  4                        
061711040713104589キーウエスト　　　　　　　　　　　　 33.0  6.5-10.4  3.4 -1.9 18  0.0                           
061711040812100626キャプレット　　　　　　　　　　　　 51.1  9.6-11.4  7.4 -0.7 19  0.0                           
061711040913103712ラブオールミー　　　　　　　　　　　 57.5 10.5-11.3-17.3 -9.7 10  0.0  0                        
061711041013106468ショウザイシンホー　　　　　　　　　 31.8  6.2-11.4-14.8 -8.8 11  0.0                           
061711041110110015ツインプラネット　　　　　　　　　　 10.9  2.6  4.0 12.5  5.8 26  7.7                           
061711041213102946オレノカッチー　　　　　　　　　　　 56.1 10.2 -8.8 -7.9 -5.5 14  0.0                           
061711041313104429ギンゴー　　　　　　　　　　　　　　  8.8  2.4 13.2  7.0  6.5 27  0.0                           
061711041413101602ロマンコスモ　　　　　　　　　　　　  6.1  1.9  8.6  9.2  6.0 26 12.5                           
061711041513105128ブレヴェスト　　　　　　　　　　　　  3.3  1.4 20.0 14.6 11.4 31 12.8  3                        
061711041613104098ゼロカラノキセキ　　　　　　　　　　  3.4  1.5 16.5 14.6 10.3 30 19.8                           
061711050114106243ポールヴァンドル　　　　　　　　　　  2.2  1.2 20.6 22.7 14.5 20 12.8                           
061711050214103874マイネルゲドゥルト　　　　　　　　　 66.1 11.1-11.4-12.2 -7.9 -3  0.0                           
061711050314109059スイートルージュ　　　　　　　　　　101.7 16.6-10.0-16.0 -8.9 -4  0.0  0                        
061711050414101854スペリオルシチー　　　　　　　　　　  4.8  1.6 11.6 15.1  9.0 14 11.6                           
061711050514103191オールデン　　　　　　　　　　　　　  7.9  2.1-10.0  4.4 -1.4  4  9.6C                          
061711050614105186トモジャバルジャン　　　　　　　　　 52.2  9.1-11.3-14.1 -8.6 -4  0.0                           
061711050714104266ヒノアカツキ　　　　　　　　　　　　  7.2  2.0  1.7  6.2  2.8  8  0.0                           
061711050814103700ミニマルプラン　　　　　　　　　　　 91.2 15.0-11.4-10.7 -7.3 -2  0.0                           
061711050914100916クリップスプリンガ　　　　　　　　　 12.3  2.7  7.5 12.3  6.8 12  0.0                           
061711051014105104トータルソッカー　　　　　　　　　　 46.8  8.2-10.0-13.2 -7.8 -3  0.0                           
061711051114105153ヤンチャボウズ　　　　　　　　　　　 95.9 15.7-11.4-10.2 -7.2 -2  0.0                           
061711051214105397ロイヤルアイザック　　　　　　　　　 16.0  3.3 -4.8 12.0  3.0  8  8.2                           
061711051314105898ワンナイトインパリ　　　　　　　　　 17.9  3.6 12.0 11.1  7.7 13 12.3                           
061711051414100731マイネルヴンシュ　　　　　　　　　　 57.3  9.7 -2.6 -1.7 -1.4  4 10.6                           
061711051514100701マイネルパンドーロ　　　　　　　　　 14.7  3.1 -2.3  8.9  2.6  8  0.0  5                        
061711051614102741アルミランテ　　　　　　　　　　　　 22.4  4.3 -9.0 -3.3 -3.9  1  9.2                           
061711060114101705ライズスクリュー　　　　　　　　　　 97.3 21.5-11.3 -9.8 -7.0 13  0.0                           
061711060214105130キャリアベスト　　　　　　　　　　　 26.4  6.5-10.0 -2.2 -3.8 16 10.1                           
061711060314100629ノーブルサターン　　　　　　　　　　 13.5  3.7 11.4  5.6  5.5 25  8.2                           
061711060414105439ダイワドノヴァン　　　　　　　　　　  4.5  1.8  3.3 14.3  6.2 26 12.8  3                        
061711060514110014リゾネーター　　　　　　　　　　　　  8.6  2.8-10.0 11.5  1.2 21  0.0  3                        
061711060614100285アポロユッキー　　　　　　　　　　　 26.5  6.5-10.0-10.6 -6.9 13  0.0                           
061711060714103937ピアノイッチョウ　　　　　　　　　　 62.9 14.1-10.0-13.2 -7.8 12  0.0                           
061711060814105851ビービーガウディ　　　　　　　　　　  5.3  2.0 11.2 12.3  7.9 28  0.0                           
061711060914104553キャプテンキング　　　　　　　　　　 23.7  5.9-10.0  8.8  0.2 20 13.0                           
061711061014105895スターストラック　　　　　　　　　　 24.6  6.1 -3.4-12.0 -5.4 15  0.0                           
061711061114102862ローズプリンスダム　　　　　　　　　  6.9  2.4 15.0 17.9 11.1 31  0.0                           
061711061214104374パレスハングリー　　　　　　　　　　 21.9  5.5 -6.1  2.7 -0.8 19  0.0                           
061711061314102617アンノートル　　　　　　　　　　　　  5.6  2.1  5.7 17.2  8.0 28 21.4  1  225   56              
061711061414101733マッシュクール　　　　　　　　　　　165.9 36.2-11.4-18.8-10.3 10  0.0  0                        
061711061514106238カーネリアン　　　　　　　　　　　　 28.3  6.9 -4.2-19.1 -8.3 12  0.0  0                        
061711061614104102スマートエレメンツ　　　　　　　　　  5.9  2.1  8.4-18.3 -4.2 16  6.7                           
061711070113105900アクート　　　　　　　　　　　　　　 12.0  2.3  7.6 12.8  7.0 27 17.5                           
061711070213109024ウインブルースカイ　　　　　　　　　 68.2  9.7-11.4-11.5 -7.6 12  0.0                           
061711070311103583キュリオスティー　　　　　　　　　　 28.4  4.5 -3.1-12.0 -5.3 15  0.0                           
061711070413105928レジェ　　　　　　　　　　　　　　　  2.3  1.2 15.0 11.8  8.8 29 18.1                           
061711070511106046アートフェスタ　　　　　　　　　　　 20.4  3.5 -2.6  6.2  1.5 21  0.0                           
061711070613102016バレエダンサー　　　　　　　　　　　 37.7  5.8 -7.1 -1.0 -2.5 18  0.0                           
061711070713102672サンアンダーソン　　　　　　　　　　 93.2 13.1-10.4-16.8 -9.3 11  0.0  0                        
061711070812106200ウインブルーローズ　　　　　　　　　 81.2 11.5-11.4 -9.7 -7.0 13  0.0                           
061711070911104713マイネルフレスコ　　　　　　　　　　  9.5  2.1  0.6  7.8  3.0 23  6.3                           
061711071012101073メルドオール　　　　　　　　　　　　 70.4 10.0-10.0 -9.7 -6.6 13  0.0                           
061711071112104289キーフォーサクセス　　　　　　　　　 15.4  2.8 10.0  2.0  3.7 24  0.0                           
061711071213102245ウインシンフォニア　　　　　　　　　 63.7  9.1-18.3-16.8-11.6  8  0.0  0                        
061711071313103589イチダイ　　　　　　　　　　　　　　  3.0  1.3 19.3 30.0 16.8 37 14.0                           
061711071412104336アイノカケハシ　　　　　　　　　　　 37.0  5.7  2.2-12.8 -4.0 16  0.0                           
061711071512100793クラウンジーニアス　　　　　　　　　 55.2  8.0-10.0-17.9 -9.6 10  0.0  0                        
061711071612100734マイネルシュバリエ　　　　　　　　　 11.4  2.3  8.6 -1.2  2.1 22  6.7A 5                        
061711080112102855ハイヴォルテージ　　　　　　　　　　 61.1 12.2-11.3-12.6 -8.0 22  0.0                           
061711080213101526エネスク　　　　　　　　　　　　　　  6.5  2.1 10.4  8.4  6.2 36  6.3                           
061711080312104515イダクァイマ　　　　　　　　　　　　 28.7  6.2-11.4 -7.2 -6.1 24  0.0                           
061711080413103739モルゲンロート　　　　　　　　　　　 35.2  7.5-10.4 -4.8 -4.9 25  0.0  0                        
061711080513106143リアリスト　　　　　　　　　　　　　 51.3 10.6 -6.6 -0.7 -2.2 28  0.0                           
061711080613101325モンスターキング　　　　　　　　　　  7.1  2.2 12.2 23.4 12.2 42  7.7                           
061711080712104360エバーキュート　　　　　　　　　　　  3.7  1.6 17.1 38.1 19.1 49 10.6  1  227   49              
061711080813105498スウィフトレイド　　　　　　　　　　  3.9  1.6 12.0 25.1 12.8 43 19.8  1  157   51              
061711080911100368ワイルドコットン　　　　　　　　　　 29.2  6.3-11.4-10.2 -7.2 23  0.0                           
061711081011104070デジタルフラッシュ　　　　　　　　　 40.8  8.6 -9.1 -7.9 -5.6 24  0.0                           
061711081111103763ヴィスビー　　　　　　　　　　　　　 43.3  9.0-10.4-14.0 -8.3 22  0.0                           
061711081213104779ビークイック　　　　　　　　　　　　 28.8  6.2 -2.5  0.7 -0.5 30  0.0  5                        
061711081313103722ピントゥリッキオ　　　　　　　　　　 57.4 11.5-11.4-10.2 -7.2 23  0.0                           
061711081413105463ブレスアロット　　　　　　　　　　　  6.6  2.1  1.3 10.2  4.1 34 10.3                           
061711081512105747ソルプレーサ　　　　　　　　　　　　  6.5  2.1 10.6  6.4  5.5 36  9.6A                          
061711081613101647ケイツートール　　　　　　　　　　　 93.1 18.2-13.5 -6.3 -6.4 24  0.0                           
061711090114101390グリトニル　　　　　　　　　　　　　 18.2  4.1  7.5  0.6  2.5 47 13.0A                          
061711090214106049ナイトバナレット　　　　　　　　　　  5.6  1.8 11.4 14.2  8.6 54 12.5  5                        
061711090314100934ラッシュアウト　　　　　　　　　　　 90.0 16.8-10.0-11.8 -7.3 38  0.0                           
061711090414103950インフルエンサー　　　　　　　　　　127.8 23.5-11.4-12.2 -7.9 37  0.0  0                        
061711090514100786ドウディ　　　　　　　　　　　　　　 18.1  4.1  6.0 -9.5 -1.7 43  0.0  5                        
061711090614102153ブライトンロック　　　　　　　　　　 55.1 10.5-11.3 -0.9 -3.7 41  0.0  0                        
061711090714105353サレンティーナ　　　　　　　　　　　  6.7  2.1 13.0 20.1 11.3 56 16.3                           
061711090814100083リンクスゼロ　　　　　　　　　　　　 35.3  7.1 -6.0-15.2 -7.4 38  0.0  0                        
061711090914103009タイムトリップ　　　　　　　　　　　  8.4  2.4  4.1  7.2  3.9 49  0.0                           
061711091014110001バリングラ　　　　　　　　　　　　　  5.3  1.8 12.0 29.7 14.5 59  5.8  1  157   51              
061711091114110035マイネルアムニス　　　　　　　　　　 16.7  3.8  6.0 10.3  5.6 51  0.0                           
061711091214104286ディバインコード　　　　　　　　　　  2.6  1.4 16.8 19.9 12.3 57 18.1                           
061711091314100658フィスキオ　　　　　　　　　　　　　 72.6 13.6-10.0-11.8 -7.3 38  0.0                           
061711091414100721マイネルベレーロ　　　　　　　　　　103.6 19.2-10.0-16.8 -9.2 36  0.0  0                        
061711091514101428セイウングロリアス　　　　　　　　　 38.1  7.7-11.4-11.7 -7.7 37  0.0                           
061711091614102888アドマイヤシナイ　　　　　　　　　　 16.4  3.7  2.0  3.4  1.8 47  0.0                           
061711100111104461アサクサスターズ　　　　　　　　　　 23.0  5.6-11.4 11.4  0.8 36  0.0  5                        
061711100212104346スマートボムシェル　　　　　　　　　 25.8  6.2 -9.8 -8.3 -6.0 29  0.0                           
061711100311103988クラシックメタル　　　　　　　　　　  7.5  2.5 12.1 12.2  8.1 43 14.5                           
061711100413100001コスモカナディアン　　　　　　　　　  4.2  1.7 12.4  6.6  6.1 41 10.6                           
061711100512105988クラウンシャイン　　　　　　　　　　  6.2  2.2 12.9  3.8  5.3 40  9.6                           
061711100610100034コアレスキング　　　　　　　　　　　 11.1  3.1 10.4-13.2 -1.7 33  8.2                           
061711100713104415サクラエンパイア　　　　　　　　　　  5.5  2.0 20.0 26.9 15.9 51  0.0  1  157   51              
061711100811101149ウインフェニックス　　　　　　　　　  9.2  2.9 -6.9 -0.3 -2.2 33  7.7                           
061711100910103165シュミット　　　　　　　　　　　　　 22.5  5.5-10.0-12.4 -7.5 27  0.0  0                        
061711101012103851ベルウッドケルン　　　　　　　　　　 14.1  3.8  8.4 12.5  7.1 42 12.3                           
061711101109103516スリータイタン　　　　　　　　　　　  5.4  2.0 10.1 15.0  8.5 44  8.2                           
061711101211104114アカノジュウハチ　　　　　　　　　　 40.2  9.3-11.4-11.0 -7.5 28  0.0                           
061711101310104559クロスボウ　　　　　　　　　　　　　 24.7  6.0  0.0-12.8 -4.7 30  0.0                           
061711110110100035シャイニープリンス　　　　　　　　　  5.7  1.8 12.8 14.4  9.1 59  6.2                           
061711110212106160クラリティスカイ　　　　　　　　　　  8.2  2.3 10.7 13.0  8.0 58  0.0  4                        
061711110311103985ツクバアズマオー　　　　　　　　　　  3.2  1.4 20.7 23.5 14.8 65 18.1                           
061711110410104458ライズトゥフェイム　　　　　　　　　 22.0  4.6  3.1 11.4  5.1 55  0.0  5                        
061711110509105855ロンギングダンサー　　　　　　　　　 16.9  3.8 10.0  1.7  3.6 54 12.3                           
061711110612104551ダノンメジャー　　　　　　　　　　　 14.1  3.3 -1.5  2.2  0.4 50  7.8                           
061711110713105975ドレッドノータス　　　　　　　　　　  8.2  2.3 12.3 19.1 10.7 61 13.7                           
061711110811106350マイネルフロスト　　　　　　　　　　 15.8  3.6 -9.1  7.6  0.1 50  0.0  5                        
061711110909104380カムフィー　　　　　　　　　　　　　 24.8  5.1 -9.1 -2.5 -3.6 46 10.1                           
061711111013110001ストロングタイタン　　　　　　　　　  3.7  1.5 21.1 19.0 13.3 63 13.1                           
061711111110106229トミケンスラーヴァ　　　　　　　　　 60.5 11.3-11.4-16.7 -9.5 40  0.0  0                        
061711111209110017シャドウパーティー　　　　　　　　　 22.4  4.7-10.0-16.5 -9.1 41  0.0  0                        
061711111311105245マイネグレヴィル　　　　　　　　　　 59.2 11.1-11.4-14.6 -8.8 41  0.0  0                        
061711120113105917ヒーズインラブ　　　　　　　　　　　  7.6  2.6  7.5  5.2  4.2 34 17.5                           
061711120211102874パワースラッガー　　　　　　　　　　  7.3  2.5 13.0 18.0 10.5 40  9.6                           
061711120310101435ガチバトル　　　　　　　　　　　　　 50.4 11.8 20.0-10.7  2.1 32  0.0                           
061711120413103687クラウンディバイダ　　　　　　　　　 29.7  7.2 -2.2 -3.4 -1.9 28  0.0  0                        
061711120512105635ユメノマイホーム　　　　　　　　　　 11.2  3.2-10.0  3.8 -1.6 28  0.0                           
061711120611103403ヴェアリアスサマー　　　　　　　　　 58.2 13.1-11.4  5.5 -1.4 29  0.0                           
061711120712102116ペイシャオブロー　　　　　　　　　　 43.3 10.2-11.4-18.8-10.3 20  0.0  0                        
061711120813103951エクラミレネール　　　　　　　　　　  7.8  2.6  6.6 13.9  7.1 37  7.7  5                        
061711120912100545タケデンタイガー　　　　　　　　　　 45.6 10.7-10.0-11.7 -7.3 23  0.0                           
061711121012105574メイショウメイゲツ　　　　　　　　　  6.4  2.3 15.0 12.5  9.1 39 15.2                           
061711121113110101アースコレクション　　　　　　　　　  5.0  2.0 12.0 15.3  9.2 39  5.8                           
061711121210101227エスユーハリケーン　　　　　　　　　 68.4 15.3-10.0 -9.7 -6.6 23  0.0                           
061711121312103634ルグランパントル　　　　　　　　　　  4.8  1.9 11.4 15.4  9.1 39  5.3                           
061711121412104757カービングパス　　　　　　　　　　　 19.5  5.0-10.0 -1.8 -3.7 26  0.0                           
061711121513100928ショコラーチ　　　　　　　　　　　　  8.1  2.7  9.3 14.9  8.3 38  8.2                           
061711121612102832トロピカルガーデン　　　　　　　　　 59.9 13.5-13.3-12.4 -8.5 21  0.0                           
081711010114101079アイアンエフケイ　　　　　　　　　　 23.4  4.6-11.1-10.5 -7.2 -2  5.8                           
081711010214106137メイトサン　　　　　　　　　　　　　 28.1  5.4 -2.1 15.7  3.9  9  0.0                           
081711010314103977ダンツゴウユウ　　　　　　　　　　　 88.8 15.3 -8.5-14.5 -7.5 -2  0.0                           
081711010414100503タガノポムル　　　　　　　　　　　　 30.9  5.9-11.7 -2.6 -5.1  0  0.0                           
081711010514101797コエレ　　　　　　　　　　　　　　　 50.4  9.2 -7.0 -2.8 -3.4  2 12.0                           
081711010614103690サンライズチャージ　　　　　　　　　 11.4  2.6 13.6 20.8 11.2 16  7.3                           
081711010714105278アムールバローズ　　　　　　　　　　 72.4 12.6-11.7-14.0 -8.5 -3  0.0                           
081711010814103926サトノインプレス　　　　　　　　　　 89.7 15.5-11.7-16.2 -9.1 -4  0.0                           
081711010914102384ヌンクウボ　　　　　　　　　　　　　 72.4 12.6 -7.9-11.1 -6.2 -1  0.0                           
081711011014106156カレドヴルフ　　　　　　　　　　　　 66.3 11.6-11.1-16.6 -9.1 -4  0.0  0                        
081711011114104072ボナパルト　　　　　　　　　　　　　  2.4  1.3 17.7 22.0 13.1 18 17.4  5                        
081711011214100027エスポワールパレス　　　　　　　　　 11.9  2.7 10.0 11.3  7.1 12 15.1                           
081711011314103298テルペリオン　　　　　　　　　　　　  5.2  1.7 10.7  6.7  5.9 11  0.0                           
081711011414101342チェリーボンボン　　　　　　　　　　 51.9  9.5 -7.9-14.8 -7.3 -2  0.0  0                        
081711011514104369グランドボヌール　　　　　　　　　　  7.1  2.0  7.3 19.0  8.4 13 13.7  5                        
081711011614102157テリトーリアル　　　　　　　　　　　  4.6  1.6 10.9 16.7  9.0 14 10.9                           
081711020114102997ヒロシゲスマート　　　　　　　　　　 11.2  2.8 -5.4-17.3 -7.2 -2  6.3                           
081711020214105110ブキス　　　　　　　　　　　　　　　 14.3  3.4 10.1  7.2  5.9 11  7.8                           
081711020314103462レッドフィエルテ　　　　　　　　　　 15.0  3.5  0.6-14.7 -4.2  1  0.0                           
081711020414101560ハナビ　　　　　　　　　　　　　　　  2.6  1.4 15.6 21.3 12.1 17 12.0  2                        
081711020514104280ホウロクダマ　　　　　　　　　　　　 40.6  8.2-11.1-13.2 -8.0 -3  0.0  0                        
081711020614105739アルバシュルク　　　　　　　　　　　  5.5  1.9 12.8 15.7  9.4 14 11.8                           
081711020714103468クーペオブジェミニ　　　　　　　　　 17.1  3.9  3.8  0.5  1.5  7  9.3                           
081711020814104927アイファータレント　　　　　　　　　181.2 33.3-11.1-16.8 -9.1 -4  0.0  0                        
081711020914104837デビュースマルト　　　　　　　　　　 99.9 18.7 -8.5 -9.4 -5.9 -1  0.0                           
081711021014104410スズカコーズライン　　　　　　　　　 14.7  3.4  5.6 -7.6 -0.2  5  0.0  0                        
081711021114100128テイエムチェロキー　　　　　　　　　  6.8  2.1 14.1  7.0  7.3 12 16.7                           
081711021214103127クリノアスカ　　　　　　　　　　　　 90.7 17.0-11.1 -5.6 -5.8 -1  0.0                           
081711021314103757ニューミレニアム　　　　　　　　　　 19.3  4.3 -5.4  2.3 -1.3  4  0.0                           
081711021414104161ラニカイシチー　　　　　　　　　　　  6.9  2.1  3.9 -0.3  1.3  6 15.3                           
081711021514104170シゲルドラネコ　　　　　　　　　　　 59.4 11.4-11.1-20.0-10.1 -5  0.0  0                        
081711021614102095メイショウシマナミ　　　　　　　　　 58.2 11.1-11.7-15.1 -8.8 -4  0.0                           
081711030114103463トミケンカリム　　　　　　　　　　　 44.0  9.4 -9.7-10.3 -6.6 13  0.0                           
081711030214106054タスクフォース　　　　　　　　　　　  5.0  1.8 12.5  8.0  7.0 27 14.2                           
081711030314110060マテラスカイ　　　　　　　　　　　　 14.4  3.6  4.0  3.5  2.5 23  0.0                           
081711030414103911サーストンウィナー　　　　　　　　　 32.7  7.2 -9.7-10.3 -6.6 13  0.0                           
081711030514101984アンタガシャチョウ　　　　　　　　　  7.6  2.4  8.8  6.7  5.2 25  6.7                           
081711030614101318メイプルブラザー　　　　　　　　　　 38.6  8.3-11.1-11.1 -7.4 13  0.0                           
081711030714100510タガノディグオ　　　　　　　　　　　  6.1  2.0 15.0 19.4 11.3 31 14.7                           
081711030814103711ナムラミルク　　　　　　　　　　　　 43.8  9.4-11.1 -6.4 -6.0 14  0.0                           
081711030914106474サンライズノヴァ　　　　　　　　　　  3.6  1.5 16.2 18.8 11.6 32 17.4                           
081711031014109008ブルベアラクーン　　　　　　　　　　  6.0  2.0 12.6 15.7  9.3 29  9.6  4                        
081711031114105850エルデュクラージュ　　　　　　　　　  4.5  1.7 19.0 29.4 15.8 36 13.1                           
081711031214100346パイオニアシーザー　　　　　　　　　 47.7 10.2-11.7-13.1 -8.2 12  0.0  0                        
081711031314104135カカアコ　　　　　　　　　　　　　　 49.0 10.4 -7.9 -7.9 -5.3 15  0.0  0                        
081711040113105693トウシンタイガー　　　　　　　　　　 22.6  4.0  5.0  6.7  3.8 24 10.8A                          
081711040213105036インテグリティー　　　　　　　　　　 11.5  2.4 -5.3  4.1 -0.7 19 13.6                           
081711040312102080マヤノパーチェム　　　　　　　　　　 31.0  5.2-11.1-19.7-10.0 10  0.0  0                        
081711040413102945メイショウゴテツ　　　　　　　　　　 47.5  7.6 -8.5 -9.4 -5.9 14  0.0                           
081711040513104987デイジーフローラ　　　　　　　　　　 52.3  8.3 -7.9 -9.1 -5.6 14  0.0                           
081711040613101729タガノジーニアス　　　　　　　　　　 18.5  3.4  5.6 -3.3  1.1 21  0.0                           
081711040713103243メイショウミラコロ　　　　　　　　　 96.3 14.4-11.7-12.0 -7.9 12  0.0                           
081711040813101248タマモベルガモ　　　　　　　　　　　 60.6  9.3-14.0-17.5-10.4 10  0.0                           
081711040913102770ショウナンタイザン　　　　　　　　　  8.5  2.1 14.3 10.1  8.3 28  6.4  5                        
081711041013110080チャイマックス　　　　　　　　　　　 13.8  2.7  8.0 14.7  7.3 27  0.0                           
081711041113104498ハローマイディア　　　　　　　　　　  4.3  1.5 13.6 19.9 11.0 31 19.0                           
081711041213110103ディープオーパス　　　　　　　　　　 11.0  2.3 16.0 12.2  9.5 30  9.6                           
081711041313110088ハリケーンバローズ　　　　　　　　　  2.0  1.2 18.8 25.3 14.5 34 17.4                           
081711041413110021キングライオン　　　　　　　　　　　 41.1  6.7 -8.5 -3.5 -4.2 16  0.0                           
081711041512110021ミスエリカ　　　　　　　　　　　　　 57.3  8.8-11.7  6.9 -2.2 18  0.0                           
081711050114100523タガノヤグラ　　　　　　　　　　　　107.4 15.4-11.7 -4.2 -5.6 -1  0.0                           
081711050214102892ヴァントシルム　　　　　　　　　　　 29.4  4.8 -2.9-11.1 -4.4  1 10.8                           
081711050314105772ミッキーロイヤル　　　　　　　　　　 19.8  3.5  2.6 10.6  4.1  9  0.0                           
081711050414105915ヴィニー　　　　　　　　　　　　　　  3.3  1.3 10.9 21.1 10.3 15 11.8                           
081711050514100709コスモヴァーズ　　　　　　　　　　　 32.8  5.3  1.8  2.1  1.3  6  6.5                           
081711050614104393タガノオマケ　　　　　　　　　　　　 70.6 10.4-11.1-12.8 -7.9 -3  0.0                           
081711050714100678コスモトゥイーク　　　　　　　　　　 26.3  4.4 -2.6 -6.2 -2.8  2  7.1                           
081711050814102860リテラルフォース　　　　　　　　　　 69.7 10.2 -8.5 -8.6 -5.7 -1  0.0                           
081711050914100645ペガーズ　　　　　　　　　　　　　　  6.4  1.7  9.7 13.1  7.5 12 14.2                           
081711051014101475ウインドフェスタ　　　　　　　　　　 12.5  2.5  5.7  9.9  5.1 10  0.0  5                        
081711051114100601ベネトナーシュ　　　　　　　　　　　 69.1 10.1-11.7  6.8 -2.3  3  0.0                           
081711051214103831デュパルクカズマ　　　　　　　　　　  2.2  1.2 19.6 22.3 13.9 19 17.4                           
081711051314101084ロードエフェクト　　　　　　　　　　 61.5  9.1-11.1 -9.5 -6.9 -2  0.0                           
081711051414102578ストロベリーハーツ　　　　　　　　　 38.6  6.1 -2.1-20.0 -6.8 -2  7.2                           
081711051514110009エイシンフレイヤ　　　　　　　　　　 13.5  2.6  3.1 12.3  4.8 10  0.0                           
081711051614102305ダンツブレーブ　　　　　　　　　　　 34.3  5.5 -6.1-11.1 -5.6 -1  9.8A                          
081711060114102990メイショウマモン　　　　　　　　　　 26.8  4.9  1.8  8.7  3.3  3 18.5  5                        
081711060214104432スズカメジャー　　　　　　　　　　　  4.7  1.5 11.0  8.2  6.5  6 12.7                           
081711060314110092アングレカム　　　　　　　　　　　　 36.1  6.3 -8.5-13.0 -7.0 -7  0.0  0                        
081711060414106089ファイナンス　　　　　　　　　　　　  6.3  1.8 12.3 10.8  7.8  8 17.5                           
081711060514103715ショウナンサリュー　　　　　　　　　 16.7  3.3  2.1 -3.6 -0.3  0  0.0  0                        
081711060614105798アドマイヤロブソン　　　　　　　　　  2.3  1.2 16.6 23.0 13.0 13 12.0  1  138   62              
081711060714110124エアシャマール　　　　　　　　　　　  8.2  2.1  2.1 10.0  3.8  4  0.0                           
081711060814101197モズアトラクション　　　　　　　　　 30.3  5.4-11.1 -7.0 -6.2 -6  0.0                           
081711060914101095ロードアルバータ　　　　　　　　　　  4.1  1.4 17.6 19.3 12.2 12 17.2                           
081711061014102961マコトテラメエリタ　　　　　　　　　 27.9  5.0-11.7 -9.2 -7.1 -7  0.0                           
081711070113106438デピュティスカイ　　　　　　　　　　  6.9  2.3  7.6 15.4  7.4 27 11.8  3                        
081711070213100960ラッシュストーム　　　　　　　　　　 36.3  8.2-11.7-14.2 -8.6 11  0.0                           
081711070312102034ウェディングラン　　　　　　　　　　 95.6 20.1-11.1-20.0-10.1 10  0.0  0                        
081711070413102492ウインフェルベール　　　　　　　　　 21.7  5.2 -9.1  8.3 -0.8 19  0.0                           
081711070512105495メイショウカロッタ　　　　　　　　　  7.9  2.5 10.5-13.8 -0.3 20  8.4                           
081711070612101201サウスリバティー　　　　　　　　　　 12.0  3.2  5.8  6.3  4.0 24 16.0                           
081711070712102456リッカクロフネ　　　　　　　　　　　 31.6  7.2-11.1-16.7 -9.1 11  0.0                           
081711070813106313マルクデラポム　　　　　　　　　　　  3.5  1.6 13.6 14.0  9.2 29 10.8                           
081711070913100658キンシロケット　　　　　　　　　　　  9.1  2.8-11.1-14.8 -8.5 11  0.0                           
081711071013102717マコトルーメン　　　　　　　　　　　 63.2 13.5-11.1 -4.9 -5.5 14  0.0                           
081711071113105180マッカートニー　　　　　　　　　　　  8.8  2.7  7.8 16.8  7.9 28  7.3  4                        
081711071213100968アンペラール　　　　　　　　　　　　 12.5  3.3 -2.4 24.4  6.4 26  0.0                           
081711071312104710オリエンタルダンス　　　　　　　　　 14.0  3.6  0.2-13.5 -4.0 16 17.9  0                        
081711071412105108ハーツジュニア　　　　　　　　　　　  5.6  2.0  7.5 16.5  7.7 28 11.8  5                        
081711071513104661ブライアンジョー　　　　　　　　　　 73.5 15.6-11.1-14.5 -8.4 12  0.0  0                        
081711071613104980オンザフロウ　　　　　　　　　　　　 43.2  9.7 -7.9 -5.5 -4.5 15  0.0                           
081711080112105583メイショウカシュウ　　　　　　　　　 34.5  6.2-11.7-13.2 -8.3 22  0.0                           
081711080213106446ワンダーピルエット　　　　　　　　　 28.3  5.2 -4.7 -6.1 -3.6 26  0.0  0                        
081711080313105898クレマンダルザス　　　　　　　　　　 11.6  2.6 10.4 14.7  8.2 38  0.0                           
081711080412106052ダイゴマサムネ　　　　　　　　　　　 32.9  6.0 -2.4 -5.1 -2.4 28  8.4A                          
081711080513106317エポック　　　　　　　　　　　　　　  3.6  1.4 16.5 11.3  9.4 39 19.0                           
081711080611106393マイネルボルソー　　　　　　　　　　 14.8  3.1  5.8 -4.8  0.7 31 11.0                           
081711080712104717ティンバレス　　　　　　　　　　　　  5.3  1.6 11.5 13.6  8.3 38 12.7                           
081711080813105467マインシャッツ　　　　　　　　　　　  2.5  1.3 20.6 22.3 14.2 44 17.4                           
081711080911103569ヴォルケンクラッツ　　　　　　　　　 64.7 10.8 -7.9-12.9 -6.8 23  0.0                           
081711081012106039テイエムテツジン　　　　　　　　　　 31.0  5.6 -4.7 -5.5 -3.4 27 11.4                           
081711081111105337ゼンノスサノヲ　　　　　　　　　　　  9.0  2.3  6.9  4.8  4.0 34  0.0                           
081711081212101438フミノインパルス　　　　　　　　　　 83.5 13.7-11.1-14.1 -8.3 22  0.0                           
081711081310106242カトラス　　　　　　　　　　　　　　 45.2  7.9-11.7-14.7 -8.7 21  0.0                           
081711081409100667スランジバール　　　　　　　　　　　 19.7  3.9 -6.9-13.5 -6.6 23  0.0  0                        
081711090110104453メイスンウォー　　　　　　　　　　　 43.3  6.8 -9.7 -8.4 -6.1 29  0.0                           
081711090213100057ナムラアラシ　　　　　　　　　　　　 48.5  7.5-11.1-14.1 -8.3 27  0.0                           
081711090312101814マウントハレアカラ　　　　　　　　　 23.8  4.0  2.8  9.4  3.8 39 16.4                           
081711090411103858アドマイヤランディ　　　　　　　　　 20.4  3.6-11.7-11.1 -7.6 27  0.0                           
081711090513104508グレイトパール　　　　　　　　　　　  2.4  1.2 25.9 19.9 15.5 50  5.4                           
081711090613105464レガーロ　　　　　　　　　　　　　　  7.1  1.8  6.5 13.0  6.3 41  0.0                           
081711090710104698ビービートレイター　　　　　　　　　 37.1  5.9 -7.9-20.0 -8.9 26  0.0                           
081711090812104706サージェントバッジ　　　　　　　　　  3.0  1.3 17.8 18.5 12.1 47 17.2                           
081711090912104504マイネルオフィール　　　　　　　　　 22.5  3.8  8.2  7.8  5.3 40  8.3  5                        
081711091012101830テイエムジンソク　　　　　　　　　　  8.2  2.0 11.4 21.8 10.7 46 20.1  1  197   64              
081711091109106246マルケサス　　　　　　　　　　　　　 46.6  7.2-11.7-10.7 -7.5 27  0.0                           
081711091209106386ハギノタイクーン　　　　　　　　　　 57.6  8.6-11.1-10.3 -7.2 28  0.0                           
081711091310104880メイショウソレイユ　　　　　　　　　 81.9 11.9-11.1-19.7-10.0 25  0.0  0                        
081711091412102092ヒデノインペリアル　　　　　　　　　 16.1  3.0  1.6 10.1  3.6 39 16.4  5                        
081711091511105370タイガークラウン　　　　　　　　　　 71.2 10.4-14.0-14.7 -9.5 25  0.0                           
081711100110104256トウシンモンステラ　　　　　　　　　 11.3  2.7 -1.6 -6.2 -2.4 43  9.0                           
081711100211103483マドリードカフェ　　　　　　　　　　 12.5  2.9  8.8 15.3  7.8 53  0.0                           
081711100312103484スピリッツミノル　　　　　　　　　　  6.6  2.0  6.3 11.8  5.8 51 13.7                           
081711100410106467ピンポン　　　　　　　　　　　　　　 14.7  3.3 -7.7-10.2 -5.9 39  0.0                           
081711100512104125ロングスピーク　　　　　　　　　　　 27.1  5.5 -4.8-14.0 -6.0 39  0.0                           
081711100610109051レイトライザー　　　　　　　　　　　 46.2  8.9-11.7-16.8 -9.3 36  0.0  0                        
081711100709106222ラブラドライト　　　　　　　　　　　 16.3  3.6 -3.7  8.4  1.2 46  0.0                           
081711100810105143プランスペスカ　　　　　　　　　　　 20.1  4.3 -1.2 -1.4 -0.9 44 11.4                           
081711100911105057ヤマニンボワラクテ　　　　　　　　　  3.6  1.5 15.1 29.5 14.4 59 10.0                           
081711101010104866タマモベストプレイ　　　　　　　　　  5.5  1.8  9.7 24.6 10.9 56 18.2                           
081711101112103930マイネルサージュ　　　　　　　　　　  3.3  1.4 19.3 16.1 11.9 57 15.8                           
081711101207101410ドリームヒーロー　　　　　　　　　　 42.2  8.2-11.1 -9.2 -6.8 38  0.0                           
081711110113106118ブラックスピネル　　　　　　　　　　 16.4  3.6 -4.0 -2.9 -2.3 48  0.0                           
081711110212100636ケントオー　　　　　　　　　　　　　 63.0 11.5-11.1 -0.4 -4.2 46  0.0                           
081711110310106366アルマディヴァン　　　　　　　　　　 58.2 10.7-11.4-10.0 -7.2 43  0.0                           
081711110412101505ブラックムーン　　　　　　　　　　　  7.5  2.2 10.4 13.4  7.8 58 14.2                           
081711110509106035フィエロ　　　　　　　　　　　　　　 14.1  3.2 13.0  9.3  7.6 58 13.3                           
081711110613105399エアスピネル　　　　　　　　　　　　  2.2  1.3 21.4 20.8 14.1 64  5.4                           
081711110709103182テイエムタイホー　　　　　　　　　　 57.6 10.6-10.3-16.6 -8.8 41  0.0  0                        
081711110811102351ペイシャフェリス　　　　　　　　　　 53.0 10.1-10.0-11.1 -7.0 43 24.6C                          
081711110911101909ダイシンサンダー　　　　　　　　　　 19.6  4.2-11.1-11.1 -7.4 43  0.0                           
081711111010100356テイエムイナズマ　　　　　　　　　　 49.5  9.4 -5.2-10.7 -5.1 45  0.0                           
081711111113104475ダンツプリウス　　　　　　　　　　　 39.0  7.6 -7.9 22.2  3.8 54 10.3                           
081711111212103711ミッキージョイ　　　　　　　　　　　 18.3  4.0-10.0 12.4  0.1 50  0.0                           
081711111311104293ピークトラム　　　　　　　　　　　　 31.0  6.2 -9.1 -7.5 -5.6 44  0.0                           
081711111413106055アストラエンブレム　　　　　　　　　  8.4  2.4 12.0 24.3 11.7 62 10.1                           
081711111513102938マイネルハニー　　　　　　　　　　　 13.7  3.1  7.7  4.5  4.2 54  0.0                           
081711111608100495サクラアドニス　　　　　　　　　　　 97.5 17.5-11.1-16.2 -8.9 41  0.0                           
081711111712105582ムーンクレスト　　　　　　　　　　　 39.0  7.6 -6.5 -2.6 -3.2 47 13.2                           
081711111811104243ガリバルディ　　　　　　　　　　　　  6.9  2.1 11.5 12.8  8.1 58  5.9                           
081711120113104774パーリオミノル　　　　　　　　　　　 63.8 12.0-11.1-11.1 -7.4 23  0.0                           
081711120212101205アズマクィーン　　　　　　　　　　　 11.0  2.7  9.0  1.1  3.6 34  6.7  4                        
081711120311105974グランシェリー　　　　　　　　　　　  5.3  1.8 12.2 18.0  9.9 40 12.7  4                        
081711120413103292ダイアナヘイロー　　　　　　　　　　  2.8  1.4 18.0 19.7 12.5 43 17.4                           
081711120508102644アドマイヤクーガー　　　　　　　　　 44.8  8.8 -7.9-11.1 -6.2 24  0.0                           
081711120613104777ゼットフーリ　　　　　　　　　　　　 69.0 12.9-14.0-12.9 -9.0 21  0.0                           
081711120712102006ノーブルルージュ　　　　　　　　　　 35.1  7.0-11.1-12.8 -7.9 22  0.0                           
081711120812102305ロードフェリーチェ　　　　　　　　　 28.3  5.8 -3.9 -3.5 -2.5 28 10.8                           
081711120912104602アドマイヤゴッド　　　　　　　　　　 38.1  7.6 -7.9 -5.9 -4.7 25  0.0                           
081711121012100582グレイトチャーター　　　　　　　　　  4.5  1.6 12.5 18.5 10.1 40 19.0                           
081711121111103108リアルヴィーナス　　　　　　　　　　 58.0 10.9 -8.5-19.7 -9.0 21  0.0  0                        
081711121213103443オールインワン　　　　　　　　　　　  6.2  1.9  5.3 28.5 10.5 40  9.6                           
081711121311103900タイセイララバイ　　　　　　　　　　 80.4 14.9-11.1-13.9 -8.2 22  0.0  0                        
081711121411102529ウイングパラダイス　　　　　　　　　 77.4 14.4 -7.9-14.1 -7.1 23  0.0                           
081711121513105962レッドカーペット　　　　　　　　　　 25.0  5.2 -1.7 -4.5 -2.0 28  0.0  0                        
081711121611100582ハピネス　　　　　　　　　　　　　　  8.6  2.4 11.2  8.9  6.8 37  0.0                           
