06171201121106117125127133                                                                                                                                                                    (*2,14)11(3,10)(12,9)(1,6)(5,13)(8,16)7-(4,15)                  (2,*14)11(3,10)(12,9)(1,6,13)5(8,16)-(7,4)-15                                                                                                           
06171202129116124130131125128125135                           16,1,4,12,3(5,10)(6,15)8(9,11)-(13,7)(2,14)                     16-1,4(3,12)(5,10)6,15(8,9,11)-13,7(2,14)                       16(1,4)12(3,10)-5,15(9,11,7)(13,14)-(6,8,2)                     16-(3,1,4)10-(5,12)7(9,15)(11,14)-13,2,8=6                                                                                                              
06171203118108117124129140                                                                                                                                                                    (*11,15)8,16(1,12)(4,7,14)(5,10)(2,6)(3,9)-13                   11,15(8,16)1,4(7,12)2(14,5)(3,6,10)9=13                                                                                                                 
06171204130118130135129131127134140                           (*2,3,4,12)(5,14)-(11,13)1(15,16)=(6,7)-(9,8,10)                2(3,4,12)(5,14)(11,13)(1,15)-16-7,6(9,8,10)                     (2,13,*15)(3,4)(5,12)(11,14)1-(16,7)9-6,8-10                    (2,*13,15)-5,3,14(11,4,12)(16,1)7(9,8)-6=10                                                                                                             
06171205127115120121122116116120                                                                                              (*4,6)(1,7,10,12)(3,9,16)(5,11,14)13(2,8)15                     4,6,10(1,12)(3,16)7(5,11)(2,9,14)(13,8)15                       4(6,10)(1,12)(3,16)(7,11)5(2,14)(9,8)15,13                                                                                                              
06171206137127138136131134135126125126127133                  4-12(10,2)(3,11)(1,8)(7,9)(5,6)                                 4-(12,10)2-3,11(1,8)(7,9)(5,6)                                  4,10(2,1)3,12(8,9)7(5,11)6                                      4(10,1)-(3,2)(8,9)12(5,7)(11,6)                                                                                                                         
06171207119107112119122132                                                                                                                                                                    8(15,16)(3,4,7,10)1(2,13)5,14(9,6,12)11                         8-15(4,16)(3,10)(2,7)(1,13)(9,6,5)(12,14)11                                                                                                             
06171208                                                      1=2-10(12,5)7-4,3-(8,11)=9                                      1=(2,12,5)10-(7,3)(4,11)-8=9                                    (*1,12)(2,5)(10,3)(7,11)-4-9,8                                  (*1,12)-2,5,3(7,11)10-4,9,8                                                                                                                             
06171209125108127122131126123120118115                        4,9,3,6,1-2-7-5-8                                               4,9,3,6,1-2-7,5-8                                               (*4,9)(3,6)(1,2)(8,7)5                                          (*4,9)(3,6)(1,2)(8,7)5                                                                                                                                  
06171210126113123117118121123124121117123                     9=3(4,8)-(2,7)6-5-1,11-10                                       9=3(4,8)7,2-6,5-1-11,10                                         9=3-6(8,7)(2,5)1-11(4,10)                                       9,3-6,7(8,5)(2,1)-10-11                                                                                                                                 
06171211126118128131122121124124135                           4,10(9,11)13-2(1,5)6,12,3,14-7,8                                4,10,9(11,13)-2(5,6)1,12(3,14)-(7,8)                            (*4,10,13)-(9,11)6(2,5)(1,12,14)3,8-7                           (*4,13)-10,6,11(2,5)(9,1,12)(3,8)(14,7)                                                                                                                 
06171212127112117117117118115120                                                                                              (*4,6)(8,10,14)(2,15)(5,9)(1,12,13)11,3(7,16)                   4,6,14(2,5,10)8(1,12,9)15(3,13)11(16,7)                         4,6(2,14)(5,10)(1,12,8,9,15)13(3,11)(16,7)                                                                                                              
08171201124113132130126125128129135                           16-7(4,5,8)13(1,6,12)(10,15)(2,3)-(9,11)-14                     16,7(4,8)5,6(1,13)12(3,10)(2,15)9(14,11)                        16(8,6)-(4,7,3)-12(1,13,9)15-(5,10,14)(2,11)                    (*16,6)-3,8(4,9)(7,12)1(15,10,14)-5-13,2,11                                                                                                             
08171202124109119126122126                                                                                                                                                                    6,7-(4,16)(1,3)(12,9)14(5,10)-15(13,11)8,2                      6,7,16(4,3)1(12,9,14)-(5,10)11-8(13,15)-2                                                                                                               
08171203128114126133133131131122124                           (*4,9)8-(6,11)16-(2,5,12)(1,13)-14-10-15,3=7                    4,9-8-6,11(2,16)5-1-(12,13)-(10,14)-(3,15)=7                    4,9,8(6,5)(2,11,14)16(13,1)10,3,12=15=7                         4,9(6,8)(5,14)(2,11,1)(10,13,3)-(12,16)-15=7                                                                                                            
08171204119108114118121127131                                                                                                                                                                 2-(5,6)15(1,13)4,7(3,16)(9,14)8,10,11                           2-5,6-(1,15)(4,13)3,7,16,14(9,8)10,11                                                                                                                   
08171205127112126122121123124121116120                        8,11,4(7,12)(3,14)10(5,15,9)1,6,16,2                            8,11,4(7,12)(3,14)10(5,15)9,1,6,16,2                            8,11(4,12)(7,14)3(15,10)5(9,16)-1(6,2)                          8(4,11,12)(7,14)3(15,16)(5,10)(9,2)1,6                                                                                                                  
08171206126112121128126122114115                                                                                                                                                              7,9(5,11)4(8,15)(1,16)(6,13)2(3,12)-14,10                       7,9(5,11)4,8(1,15)(6,16)(2,13)(3,12)(14,10)                                                                                                             
08171207071112113127130133125125128127                        11,4,9,12-13(2,16)-5(1,14)8,10-(3,15)-(6,7)                     11,4,9-12-13,16-2,5(1,14)-(10,8)-(3,15)-(6,7)                   9(11,5)(4,12,1)16(13,10)(2,14)(3,15,8)-7-6                      9,5,1(11,12)10,4,16,13(3,14)(15,8)(7,2)6                                                                                                                
08171208122111116119121123                                                                                                                                                                    (*1,7)15(8,16)(6,5)9,4,12-(2,11)14,13-10,3                      (*1,7)15(6,8,16)9(5,4,12)(11,14)(2,13)10-3                                                                                                              
08171209126113123113122133122121113117                        3(6,9,8)(5,7)-2,4,1                                             (3,*8)-9-(6,7)5,2-4,1                                           (8,*3)-(5,9)(6,7)2(1,4)                                         3(8,5,6,9)7(1,2,4)                                                                                                                                      
08171210120111116119118121126                                                                                                                                                                 (*14,15)(1,6,16)(4,10)9(5,3,8)(7,13)-11-(2,12)                  14,15(1,6)16,4(5,10,8)(3,9)(7,13)11,2,12                                                                                                                
08171211121107113114111114                                                                                                                                                                    2,11(7,16)12,8(6,14)13(9,1,15)10(3,4)5                          (*2,11)(7,12,16)(6,8,14,13)9(1,15)(3,5,10,4)                                                                                                            
08171212125112116121120121111116                                                                                                                                                              1,6,16,5,10(2,7,12)11,3(4,8,13)(9,15)-14                        1(6,16)5,10(2,7)(4,11,12)(9,3,13)8,15-14                                                                                                                
