06171401120106113124126133                                                                                                                                                                    (*5,14)(1,2,4)12(9,10)8(6,7)16(15,13)=11-3                      (*5,14)1-(9,2,4,12)10(8,6,13)(15,16,7)=11,3                                                                                                             
06171402131118133132125127127130141                           16,14(9,15)(3,10)-1,12,4-6,8,2,11,13-7-5                        16,14,15(9,3)10,1,12,4-6,8,2(13,11)-7=5                         16,14,10(9,3,15,12)(4,1)-(6,8)2-13-11-7=5                       (*16,14)3(9,12)4,10(2,1)15,6,13,8=11-7-5                                                                                                                
06171403128119126132124125129132138                           10-13,1,12-6-3-7(2,4)15(9,14)8,16-11-5                          10-13,1-12,6-3,2,7(4,15)-(8,9)14,16-11=5                        10(13,12)-1,6(4,3)15-2,9(8,7,11)-(16,14)=5                      10(13,12)-6,4,3,15(1,11)2,9,8-16,7-14=5                                                                                                                 
06171404123108118125126127                                                                                                                                                                    (*1,4)(5,9)(12,14,15)-(2,16)-6,8-3=13,11-7-10                   (*1,4,5,9)12(14,15)16,2,6(8,3)=11,13-7=10                                                                                                               
06171405125109126117125121121126125135                        11,13,7(12,15)6(4,8)9-(5,14,16)-10,1,2-3                        11,13-7(12,15)-(6,4)8-9,5(14,16)(1,10)2-3                       11,13,15(7,12)(4,9)-(6,8,16)14(5,2)10(1,3)                      (11,*13,15,9)(7,16)4(12,8)(6,14)2,5(10,1,3)                                                                                                             
06171406128113121125126121119121                                                                                              8(4,11)(5,13,16)6(1,2)(9,12)(10,14)15(3,7)                      (*8,11)(4,13)16(5,6)(1,2,12)(10,14)9,7-3,15                     (8,*11)-(4,13)(5,6,16)(1,2,12,14)(10,7)9,3=15                                                                                                           
06171407129127126125120122127132143                           6(9,16,15)13,5(2,8)-(1,10,14)4(7,12)-(3,11)                     6,16(9,15)(5,13)8-2(1,10)14-4,7,12,3,11                         (*8,6)16,15(9,13)-(5,10)14(1,7)(2,4)-(3,12,11)                  8,6,16,9(13,15)5,10,14-7,1(4,11)2,12-3                                                                                                                  
06171408122106113120121132                                                                                                                                                                    8(10,12)(9,14)(11,16)2,7(3,5)(6,13)(1,4,15)                     8(10,12)(9,14)(11,16)-(2,7)(5,6,13)3(1,15)4                                                                                                             
06171409127114123117122119119120                                                                                              6,8(1,7,9)10(3,4)(2,5,11)12                                     6,8(1,7)(3,9)(2,5,4,11,10)-12                                   6,8(1,7)(3,9)(2,5,4)(11,10)12                                                                                                                           
06171410122125116120115120122118126                           10,7-(1,3)-(2,8)(4,11)(6,9)5                                    10-7,3,1,8(2,11)4,6(5,9)                                        10=7,3,1,8(2,11)4(6,9)-5                                        10(7,3)-1,8(2,11)-(6,4,9)5                                                                                                                              
06171411120102111120124129                                                                                                                                                                    (*2,5)(10,12)1(4,14)8,7-(3,9,11)13,6                            (*2,5,10)12(1,4,14)(7,8)(3,9,11)13,6                                                                                                                    
06171412120113115113114118                                                                                                                                                                    10,11(2,3)9,6(5,12,14)1(7,8,16)(4,15)13                         10,11(2,3)9(6,5,12,14)1(7,16)(4,8,15)-13                                                                                                                
07171101131115137133122126131128133                           (*3,8)(2,10,12)(4,15)(1,7,13)-(6,14)-(5,9,11)16                 3,8,2(10,12)(4,15)13(1,7)-(6,14)-(9,11)-(5,16)                  8(2,15)(3,12)(4,10,13)1-(9,11)7(6,14)-16,5                      8,15,2,4-(1,12)(3,13)(10,11)(7,9)14(6,16)-5                                                                                                             
07171102075116116132131129130129129135                        (*3,16)9-(1,10,11)15(5,4)13,14,12(2,8)-7,6                      (*3,16)-9-(1,10,11)(5,15)4-(14,13)12(2,8)-6,7                   (*3,16)15(9,12)(10,11)(4,13,6)5,8,1,14-2=7                      3,16,15,12,9(10,11,4)(13,6)5,8-14-2-1-7                                                                                                                 
07171103127108118130124130                                                                                                                                                                    5(3,14)2(4,15)(6,12,8,13)(16,9)11,1-10,7                        5,3,14(2,4)12(15,13)6-16(1,11)8(7,9)10                                                                                                                  
07171104                                                      (13,12,*10)-(6,9)3,2(1,14)(8,4,11)=7=5                          (13,*12)10(6,9)3,2(1,14)-(8,4)-11-7=5                           (13,*12)10(6,3,9)-(2,1,14)8-4-11=7=5                            (*13,12)(3,10)6,1(2,8)(14,9)-4-11=7=5                                                                                                                   
07171105                                                      6-9=2=7=8=3-4,5=1                                               6-9-2-7=8,3=4-5=1                                               6-2,9,8(7,3)-4=5=1                                              2,6-8-3,7-9,4=5=1                                                                                                                                       
07171106124106117125121129                                                                                                                                                                    4,9,14,15,3(7,10)2(12,8)13(6,11)1,5                             4,9,14,15,3(2,7,10)(12,8)6,13(11,1)5                                                                                                                    
07171107129115126127121124123121119127                        (*6,10)17(7,16)5,8,9,15,14,18(4,11)13(2,12)1,3                  (*6,10)(5,7,17)(9,16)(14,15,8)11,4,18-13,2-12(1,3)              (*6,10,17)(5,7,16)9(14,15)(11,8)-(4,13)(2,3)(18,12)1            (*6,10)17(5,7)16,9(14,15)11-4(3,13)(2,8)(1,12)18                                                                                                        
07171108132113135130125126128122124                           (*1,8)12(3,5,15)(6,16)(4,11)(10,14)2,13,7-9                     1,8,12(3,5,15)(6,16)(4,11)10(2,14)13-7,9                        (*1,8,12,15)(3,5,6,16)4,11(10,14)13-(2,7)-9                     1(8,12,15)3(5,6)(4,16)(10,13)11,14,7-(2,9)                                                                                                              
07171109123109112119120117119                                                                                                                                                                 15(17,18)(6,3,11)(2,4,7,16)(5,9,13)(10,14)-8-1-12               (*15,17)(6,18)(3,11)(2,4,16)7(5,9,13)(10,14)-8-1-12                                                                                                     
07171110120108116118115123                                                                                                                                                                    7(8,9,17)(4,6,10)(5,12)2(11,15)16(3,18)(13,14)-1                (*7,8,9)(4,17)(2,6,10)(5,12)11(14,18,15)3(13,16)1                                                                                                       
07171111129116127123121118119118117126                        7,4(1,9)3(2,12,15)6(5,8,11)10,13-14                             7-4,9,1(3,15)(2,12)6(5,8,11)(10,13)-14                          7,4-(1,9)(2,3,15)(6,12)5(8,11)(10,13)-14                        7,4(1,9)(2,3)(5,6,15)12(10,8,11)13,14                                                                                                                   
07171112124105115129121129                                                                                                                                                                    15(8,10)12(2,6,7)16,14,13(5,9)1(3,4,11)                         15(8,10,7)(2,12)(6,16)(14,13)(5,9)1(4,11)3                                                                                                              
08171401123115134135132130127120120                           6(3,4)-(9,10)(1,7,11)13,12(8,14)5,2                             6,4,3,10,9(7,11)13,1(12,14)8,5,2                                (*6,4)(3,10)13(9,7)14(1,12)(11,8)-(2,5)                         6,13(3,4)10(9,7,14)-1(12,8)-2,11,5                                                                                                                      
08171402123115131130131128130131128                           16,10(2,11)5,6(1,3,15)(8,14)7,13-(9,12)4                        (*16,10)(2,11)5(1,6)(3,15)(8,14)7,13-12,9-4                     16(10,11)(2,5)13(3,6,15,12)(1,8)7-14,4-9                        (*16,10,11)(2,5,13)15,12,7(3,6,8)-(1,4)-14-9                                                                                                            
08171403123111118124127128131                                                                                                                                                                 (*3,9)(6,13)14-12-5-16(7,15)8(11,10)-(1,4)=2                    3,9(6,13)14,12,5,16,15(8,10)11-(1,7,4)=2                                                                                                                
08171404126117120125131130125                                                                                                                                                                 (*10,15)-(5,12)8(1,16)-9-2-13-4,3(6,7)(11,14)                   15,10,5(1,12,8)16=2,9=13-(4,11,7,14)3,6                                                                                                                 
08171405127112117122122124120121                                                                                                                                                              2(6,11,14)(1,8)9,12,5(7,16,13)10,15,3,4                         2(6,14)1(8,9)11(5,12)(7,16,13)(10,15)3,4                                                                                                                
08171406122111124129125130130125128                           (*6,14)13,3,12(9,15)(5,11)-10,2(16,8)4(1,7)                     (*6,14)(3,13)-12(5,9,15,11)-10(2,8)(16,7)(1,4)                  13,14,6(3,11)(5,12)(9,15)(10,7)8,2,4-1,16                       13,14(6,3,11)12(5,9,7)(10,15,4)8,2-(1,16)                                                                                                               
08171407122109118122124132136129126119118                     12-13-6,15,4,8(1,7)16,2(3,5)-11,9-14-10                         12=13-6(4,15)-8-7,1,16,2(3,5)(11,9)-14,10                       12-13(15,4)-6-(8,7)1,5(11,2,16,9)3,10-14                        (*12,4)13,15(6,7,9)(1,2)(8,5)(11,16,3,10)-14                                                                                                            
08171408122112123129127124122                                                                                                                                                                 15,16,7(3,5)(8,13)(2,1)12(10,11,14)9,4                          15(16,7)3(5,8,13)(2,9)(1,12,14)10,11,4                                                                                                                  
08171409129113113121124125117116                                                                                                                                                              4,5,6-2,9(1,10)3,7-8                                            4,5(6,2)(1,9,10)(8,3,7)                                                                                                                                 
08171410127114117121123120120113120                                                                                                                                                           7-(5,11)8(1,4)9,13-12(3,10)6-2                                  7-5,11(1,8)4(13,9)12(3,10)6,2                                                                                                                           
08171411124112114120118121114123                                                                                                                                                              10,4,12(1,5)13,8-6-3,9(2,7)11-14                                (*10,12)4(1,13)-(8,5)6-(3,9)-(2,7)11-14                                                                                                                 
08171412120107115122128126124                                                                                                                                                                 8,9(3,4)(5,15)-12(1,10)6,2-11-16,7,14,13                        8,9(3,4)(5,15)12,1(2,6,10)11(16,14)13,7                                                                                                                 
