0617110101 32.0  0.9  2.3  2.0  2.2  0.0 39.400010510吉田隼人　　5400101   9.2   1.80940468- 4445                             
0617110102 26.0  0.2 -1.0  0.0  0.0  0.0 25.202010573木幡初也　　5202101  55.0   8.00940444- 6                                
0617110103 36.0  3.1  4.0  3.0  2.3  0.0 48.410010491田辺裕信　　5600101   5.0   1.30940480+ 4232                             
0617110104 28.0  0.3  0.0  0.0  0.0  0.0 28.300010442勝浦正樹　　5600101  40.4   5.30940468- 2                                
0617110105 38.0  0.6  1.8  1.5  2.4  0.0 44.300010515丹内祐次　　5600101  13.9   2.30940466+ 4523                             
0617110106 13.0  0.1 -1.0  0.0  0.0  0.0 12.100010471嘉藤貴行　　5400101 225.8  41.40940420- 2                                
0617110107 34.0  0.5  0.0  0.0  0.0  0.0 34.500010517小島太一　　5600101  19.8   3.10940476+ 6  6                             
0617110108 11.0  0.1 -1.0  0.0  0.0  0.0 10.113010375江田照男　　5600101 172.7  20.60940434+ 8                                
0617110109 19.0  0.1  0.0  0.0  0.0  0.0 19.102010465二本柳壮　　5400101 170.1  17.80940436  0                                
0617110110 22.0  0.4  0.5  0.0  0.0  0.0 22.910010571井上敏樹　　5202101  33.1   5.30940436- 6                                
0617110111 40.0  2.6  4.3  4.5  3.6  0.0 55.002010582木幡巧也　　5402101   1.8   1.10940490  0111                             
0617110112 10.0  0.1  0.0  0.0  0.0  0.0 10.100010567伴啓太　　　5202101 320.9  42.80940426+ 2                                
0617110113 35.0  1.6  1.6  2.5  0.0  0.0 40.702010512川田将雅　　5600101   9.4   1.80940442+ 4394                             
0617110114 11.8  0.1 -1.0  0.0  2.1  0.0 13.010010524田中博康　　5600101  85.0  11.70940478+20 5                              
0617110115 34.1  0.4  0.0  0.0  0.0  0.0 34.500010500松岡正海　　5400101  38.8   4.20940436- 4                                
0617110116 27.0  0.2  0.0  0.0  0.0  0.0 27.210010368田中勝春　　5600101  30.1   4.60940432  0                                
0617110201 10.0  0.1  0.0  0.0  0.0  0.0 10.112010375江田照男　　5600101 121.2  11.81007476  0                                
0617110202 41.0  3.1  4.4  3.5  3.3  0.0 55.310030468戸崎圭太　　5600101   2.8   1.21007456+ 6121                             
0617110203 27.0  0.4  0.1  0.0  0.0  0.0 27.502010500松岡正海　　5600101  21.0   3.81007478+ 8                                
0617110204 30.0  0.2  0.0  0.0  0.0  0.0 30.200010573木幡初也　　5202101  55.5   6.81007408+ 8  6                             
0617110205 18.0  0.1 -1.0  0.0  0.0  0.0 17.112010567伴啓太　　　5202101 210.2  32.11007450- 4                                
0617110206 37.0  2.1  3.0  3.0  3.0  0.0 48.100010442勝浦正樹　　5600101   7.0   1.51007484+ 2232                             
0617110207 21.0  0.1  0.0  0.0  0.0  0.0 21.100010349蛯名正義　　5600101  34.3   7.21007510- 6                                
0617110208 10.0  0.1 -1.0  0.0  0.0  0.0  9.110010577野中悠太郎　5303101 131.3  17.41007476+12                                
0617110209 16.0  0.4  0.1  0.0  2.2  0.0 18.710030113内田博幸　　5600101  16.6   4.81007490+20 5                              
0617110210 22.0  0.2 -1.0  0.0  0.0  0.0  0.000110584藤田菜七子　5303101            1007                                      
0617110211 32.0  1.6  2.8  2.5  3.6  0.0 42.500010582木幡巧也　　5402101   5.1   1.61007512+ 2313                             
0617110212 13.0  0.3  0.0  0.0  0.0  0.0 13.300010529黛弘人　　　5600101  22.8   3.81007518+ 6                                
0617110213 34.0  1.5  1.7  2.0  2.4  0.0 41.610010491田辺裕信　　5600101   5.6   2.11007478- 4444                             
0617110214 26.0  0.5  0.7  0.0  0.0  0.0 27.200010416吉田豊　　　5400101  15.3   3.11007516- 2                                
0617110215 21.0  0.2 -1.0  0.0  0.0  0.0 20.202010515丹内祐次　　5600101  94.5  13.61007500- 6                                
0617110216 31.0  0.6  1.8  1.5  0.0  0.0 34.902010538宮崎北斗　　5600101  10.8   2.71007488+145 5                             
0617110301 18.1  1.5  0.6  2.0  0.0  0.0 22.202010368田中勝春　　5600101   8.4   2.61035448   4                               
0617110302 11.3  0.8 -1.0  0.0  0.0  0.0 11.100030468戸崎圭太　　5600101  17.6   3.91035478                                   
0617110303 10.7  0.2 -1.0  0.0  0.0  0.0  9.902010497石橋脩　　　5600101  30.9   5.21035512                                   
0617110304 27.7  1.3  2.2  0.0  2.1  0.0 33.300010500松岡正海　　5600101  13.6   2.61035530    54                             
0617110305 11.4  0.4  0.0  0.0  0.0  0.0 11.802030113内田博幸　　5600101  18.1   4.61035482                                   
0617110306 10.1  0.4 -1.0  0.0  0.0  0.0  9.502030378柴山雄一　　5600101  16.1   4.61035464                                   
0617110307 18.0  0.6  0.3  1.5  2.3  0.0 22.700010582木幡巧也　　5402101  11.0   3.21035488   536                             
0617110308 27.8  1.2  2.0  2.5  3.6  0.0 37.100010416吉田豊　　　5400101   9.6   2.51035498   313                             
0617110309 24.5  0.5  1.2  0.0  2.2  0.0 28.400010516大野拓弥　　5600101  19.3   4.51035464    45                             
0617110310 28.4  2.8  2.1  3.0  2.4  0.0 38.700010462北村宏司　　5600101   5.6   1.61035510   222                             
0617110311 10.5  0.1  0.0  0.0  0.0  0.0 10.602010471嘉藤貴行　　5600101  68.2  15.51035460                                   
0617110312 11.8  0.3  0.0  0.0  0.0  0.0 12.102010442勝浦正樹　　5600101  33.4   9.41035490                                   
0617110313 17.4  0.6  0.4  0.0  0.0  0.0 18.400010571井上敏樹　　5402101  23.3   4.71035532                                   
0617110314 38.4  1.5  3.9  3.5  0.0  0.0 47.300010349蛯名正義　　5400101   3.5   1.71035438   191                             
0617110315 11.2  0.4  0.0  0.0  0.0  0.0 11.602010573木幡初也　　5402101  26.4   5.91035494                                   
0617110316 10.3  0.2 -1.0  0.0  0.0  0.0  9.502010581菊沢一樹　　5303101  41.4   9.01035466                                   
0617110401 41.0  0.2  0.0  0.0  0.0  0.0 41.200010313木幡初広　　5700101  35.6   6.11107498- 2                                
0617110402 33.0  0.1  0.0  0.0  0.0  0.0 33.100010465二本柳壮　　5600101  79.7   8.11107552+ 6                                
0617110403 49.0  0.1 -1.0  0.0  0.0  0.0 48.102010571井上敏樹　　5502101  73.8  11.01107522+12  6                             
0617110404 46.0  0.4 -1.0  0.0  0.0  0.0 45.400010582木幡巧也　　5302101  38.9   8.31107480- 4                                
0617110405 38.0  0.2 -1.0  0.0  0.0  0.0 37.200010516大野拓弥　　5600101  41.3   8.21107504+14                                
0617110406 53.8  1.5  2.9  3.0  2.2  0.0 63.403010510吉田隼人　　5700101   4.7   1.51107562+22242                             
0617110407 39.0  0.3  0.0  0.0  0.0  0.0 39.310010507津村明秀　　5400101  19.4   5.01107460+ 4                                
0617110408 44.0  0.1  0.0  0.0  0.0  0.0 44.112010577野中悠太郎　5203101 104.3  19.51107472+12                                
0617110409 43.0  0.1 -1.0  0.0  0.0  0.0 42.100010581菊沢一樹　　5103101 157.8  15.91107440-18                                
0617110410 28.0  0.2 -1.0  0.0  0.0  0.0 27.200010584藤田菜七子　5303101  23.5   4.31107518+10                                
0617110411 42.2  0.9  1.7  0.0  0.0  0.0 44.810010562長岡禎仁　　5601101  10.7   3.11107512+ 8                                
0617110412 45.0  0.1  0.0  0.0  0.0  0.0 45.102010368田中勝春　　5600101  42.9   7.91107514+ 4                                
0617110413 50.0  1.1  1.9  1.5  2.4  0.0 56.910030378柴山雄一　　5600101  12.1   2.31107494+ 6525                             
0617110414 50.1  1.4  1.7  2.0  2.3  0.0 57.502030113内田博幸　　5600101   8.6   2.81107518+ 4434                             
0617110415 52.0  3.0  3.2  2.5  3.6  0.0 64.300010491田辺裕信　　5600101   4.5   1.31107484+ 8311                             
0617110416 50.2  2.6  2.9  3.5  2.1  0.0 61.302030468戸崎圭太　　5400101   3.4   1.31107480- 2153                             
0617110501 38.1  3.4  4.1  3.5  3.6  0.0 52.700030468戸崎圭太　　5400101   1.5   1.11158540+ 6111                             
0617110502 31.0  0.1 -1.0  0.0  0.0  0.0 30.100010471嘉藤貴行　　5600101  72.6  10.31158482- 4                                
0617110503 10.0  0.0 -1.0  0.0  0.0  0.0  9.000010563原田和真　　5202101 333.6  43.31158444- 8                                
0617110504 37.1  1.8  2.6  3.0  2.3  0.0 46.810010570石川裕紀人　5501101   8.5   1.61158450+ 4242                             
0617110505 34.0  1.2  0.0  0.0  0.0  0.0 35.200010582木幡巧也　　5402101  19.2   2.61158452  0 9                              
0617110506 29.0  0.1 -1.0  0.0  0.0  0.0 28.110010324柴田善臣　　5600101 111.6  10.11158514- 4                                
0617110507 36.0  1.3  0.8  2.5  2.4  0.0 43.000010491田辺裕信　　5600101  12.3   2.21158518+ 6334                             
0617110508 24.0  0.3 -1.0  0.0  0.0  0.0 23.300010537丸田恭介　　5400101  52.6  11.81158404-18                                
0617110509 38.0  0.7  1.9  0.0  2.2  0.0 42.800010368田中勝春　　5600101  22.2   2.51158428- 2 55                             
0617110510 37.0  0.2 -1.0  0.0  0.0  0.0 36.210010571井上敏樹　　5402101  21.4   4.91158496+ 8                                
0617110511 25.0  0.1 -1.0  0.0  0.0  0.0 24.100010444武士沢友治　5600101  56.7  10.11158450+ 6                                
0617110512 35.0  0.3  0.8  1.5  0.0  0.0 37.600010349蛯名正義　　5600101  17.5   3.01158464- 25                               
0617110513 37.2  0.5  2.2  0.0  3.2  0.0 43.110010497石橋脩　　　5600101  23.0   3.31158490- 2 23                             
0617110514 35.0  0.1  0.0  0.0  0.0  0.0 35.100010515丹内祐次　　5600101  41.6   6.11158454- 4                                
0617110515 35.1  0.7  0.7  2.0  2.1  0.0 40.600030113内田博幸　　5600101  21.5   3.21158452+ 2466                             
0617110516 34.0  0.2  0.0  0.0  0.0  0.0 34.202010416吉田豊　　　5600101  24.5   4.71158466  0                                
0617110601 37.0  0.1  0.0  0.0  0.0  0.0 37.100010560横山和生　　5400101  54.7  10.71228454+12                                
0617110602 41.2  0.4  0.0  0.0  0.0  0.0 41.600010507津村明秀　　5600101  18.1   4.21228492  0                                
0617110603 41.0  0.7  1.6  0.0  2.4  0.0 45.700010519鮫島良太　　5600101  11.7   2.91228502- 2 35                             
0617110604 44.0  2.1  1.8  2.5  3.4  0.0 53.802010462北村宏司　　5600101   4.3   1.71228534  0321                             
0617110605 41.1  1.1  0.3  3.0  2.3  0.0 47.800010582木幡巧也　　5402101   7.8   2.51228532+18243                             
0617110606 35.0  0.2  0.0  0.0  0.0  0.0 35.200010416吉田豊　　　5400101  31.4   5.51228496+ 4                                
0617110607 36.0  0.1 -1.0  0.0  0.0  0.0 35.100010510吉田隼人　　5400101  60.5  13.91228526+ 8                                
0617110608 38.0  1.6  2.2  0.0  0.0  0.0 41.800030113内田博幸　　5600101  12.2   3.71228468+10                                
0617110609 42.0  0.4  0.1  0.0  0.0  0.0 42.500010573木幡初也　　5402101  20.4   5.01228484  0                                
0617110610 38.9  0.4  0.0  0.0  0.0  0.0 39.300010581菊沢一樹　　5303101  36.3   7.21228518+22 9                              
0617110611 43.0  1.7  3.2  1.5  2.2  0.0 51.600010529黛弘人　　　5600101   9.7   2.61228462- 2552                             
0617110612 40.1  0.4  0.0  0.0  0.0  0.0 40.500010577野中悠太郎　5103101  27.7   5.11228462- 8                                
0617110613 37.7  1.5  2.3  3.5  0.0  0.0 45.002010500松岡正海　　5600101   5.0   2.11228478+121 6                             
0617110614 30.0  0.0 -1.0  0.0  0.0  0.0 29.000010554嶋田純次　　5600101 190.3  35.41228494+12                                
0617110615 40.0  0.5 -1.0  0.0  0.0  0.0 39.500010516大野拓弥　　5400101  17.0   4.41228482+ 2                                
0617110616 39.0  1.6  0.0  2.0  3.6  0.0 46.200030468戸崎圭太　　5600101   7.8   2.31228494- 4414                             
0617110701 52.9  0.8  2.0  2.5  0.0  0.0 58.202030378柴山雄一　　5600101   7.3   2.41256426- 43 4                             
0617110702 46.0  0.1 -1.0  0.0  0.0  0.0 45.100010577野中悠太郎　5303101 153.8  21.61256464- 4                                
0617110703 54.0  0.4  0.0  0.0  0.0  0.0 54.410010582木幡巧也　　5302101  21.6   4.41256452+ 4                                
0617110704 51.0  3.4  2.5  3.0  2.2  0.0 62.100030468戸崎圭太　　5400101   3.3   1.31256428+ 6242                             
0617110705 48.0  0.3  0.4  0.0  2.1  0.0 50.800010324柴田善臣　　5700101  37.2   6.21256516+16 5                              
0617110706 47.7  0.2  0.0  0.0  0.0  0.0 47.910010570石川裕紀人　5301101  39.7   6.91256458+ 8                                
0617110707 42.0  0.1 -1.0  0.0  0.0  0.0 41.110010563原田和真　　5402101 118.5  12.21256552+10                                
0617110708 48.0  0.2  0.0  0.0  0.0  0.0 48.200010516大野拓弥　　5700101  58.8   7.51256484+ 2                                
0617110709 53.0  1.0  0.9  2.0  2.3  0.0 59.200010507津村明秀　　5700101   9.3   1.71256476+ 2433                             
0617110710 46.0  0.2  0.0  0.0  0.0  0.0 46.210010529黛弘人　　　5700101  48.1   5.81256450- 2                                
0617110711 52.4  0.8  1.1  1.5  0.0  0.0 55.800010510吉田隼人　　5700101  16.1   2.91256454+ 85 6                             
0617110712 46.0  0.2 -1.0  0.0  0.0  0.0 45.210010500松岡正海　　5600101  43.3  10.21256482+ 2                                
0617110713 54.2  2.6  4.8  3.5  3.6  0.0 68.702030113内田博幸　　5600101   2.8   1.11256538+10111                             
0617110714 52.0  0.2  0.0  0.0  0.0  0.0 52.200010560横山和生　　5500101  25.9   3.81256434+16                                
0617110715 49.0  0.1 -1.0  0.0  0.0  0.0 48.100010313木幡初広　　5700101  71.0  11.41256512+14                                
0617110716 54.1  0.9  0.6  0.0  2.4  0.0 58.000010515丹内祐次　　5700101  15.2   2.71256502+ 2 25                             
0617110801 53.1  0.1 -1.0  0.0  0.0  0.0 52.200010573木幡初也　　5502101 121.7  19.51328456  0                                
0617110802 57.0  1.5  1.8  1.5  3.2  0.0 65.010010442勝浦正樹　　5600101  11.5   2.41328508+ 4533                             
0617110803 50.0  0.5  0.0  0.0  0.0  0.0 50.500010462北村宏司　　5700101  45.4   6.81328522+ 8                                
0617110804 52.0  0.4  0.0  0.0  0.0  0.0 52.402010537丸田恭介　　5600101  24.2   4.21328474+ 2                                
0617110805 55.1  0.1  0.0  0.0  0.0  0.0 55.210010510吉田隼人　　5600101  24.6   5.81328482- 2                                
0617110806 46.8  1.1  3.5  0.0  3.4  0.0 54.800010349蛯名正義　　5600101   8.0   2.11328496+26 2                              
0617110807 56.0  2.2  5.5  3.0  2.4  0.0 69.100010516大野拓弥　　5500101   4.8   1.41328450- 2242                             
0617110808 59.0  2.5  3.7  3.5  3.6  0.0 72.310010512川田将雅　　5600101   2.8   1.51328506+14111                             
0617110809 48.0  0.4 -1.0  0.0  0.0  0.0 47.400030378柴山雄一　　5700101  41.0   9.31328500  0                                
0617110810 53.0  0.2  0.0  0.0  0.0  0.0 53.210010570石川裕紀人　5601101  50.8   7.51328486+20                                
0617110811 47.0  0.2 -1.0  0.0  0.0  0.0 46.200010375江田照男　　5500101  86.0  15.71328484+ 8                                
0617110812 55.0  0.4  0.0  0.0  2.2  0.0 57.600010582木幡巧也　　5402101  19.5   4.11328460-14 56                             
0617110813 52.0  0.2 -1.0  0.0  0.0  0.0 51.200010497石橋脩　　　5400101  74.1  10.21328466+10                                
0617110814 54.1  1.4  1.2  2.0  0.0  0.0 58.700030468戸崎圭太　　5600101   8.5   2.11328458+ 24 5                             
0617110815 55.7  1.4  1.6  2.5  0.0  0.0 61.202030113内田博幸　　5700101   8.0   2.31328536+ 8394                             
0617110816 41.0  0.1  0.0  0.0  0.0  0.0 41.100010529黛弘人　　　5600101 141.6  21.11328504+ 4                                
0617110901 42.1  0.6  0.7  0.0  0.0  0.0 43.400030113内田博幸　　5600101  23.0   3.71402422- 2                                
0617110902 44.1  0.9  2.5  2.5  2.4  0.0 52.400010452中谷雄太　　5600101   8.4   1.81402474+ 2334                             
0617110903 47.0  0.2 -1.0  0.0  0.0  0.0 46.200010529黛弘人　　　5600101  91.7  13.51402438+ 4                                
0617110904 40.2  0.2 -1.0  0.0  0.0  0.0 39.400010537丸田恭介　　5600101 111.7  19.01402438  0                                
0617110905 45.0  0.3  0.0  0.0  0.0  0.0 45.300010349蛯名正義　　5600101  10.0   3.01402490+ 6 9                              
0617110906 40.4  0.2  0.0  0.0  0.0  0.0 40.600010510吉田隼人　　5600101  51.4   7.71402444- 4                                
0617110907 44.0  1.4  3.2  1.5  0.0  0.0 50.100030378柴山雄一　　5600101   8.6   2.21402472- 8596                             
0617110908 41.0  0.1 -1.0  0.0  0.0  0.0 40.100010416吉田豊　　　5700101  47.6   7.51402462- 2                                
0617110909 47.1  1.1  1.1  2.0  2.1  0.0 53.402030468戸崎圭太　　5700101  11.9   3.01402482+10453                             
0617110910 48.0  1.9  4.1  3.0  3.6  0.0 60.600010512川田将雅　　5600101   4.0   1.61402524  0211                             
0617110911 46.0  0.6  1.6  0.0  2.3  0.0 50.500010500松岡正海　　5600101  13.3   3.21402490- 4 45                             
0617110912 46.1  3.1  3.5  3.5  3.3  0.0 59.510010324柴田善臣　　5600101   3.1   1.21402484+ 4122                             
0617110913 33.0  0.2 -1.0  0.0  0.0  0.0 32.210010497石橋脩　　　5600101 136.4  15.91402470+10                                
0617110914 42.0  0.1 -1.0  0.0  0.0  0.0 41.100010515丹内祐次　　5600101 180.0  20.71402476- 8                                
0617110915 41.1  0.3 -1.0  0.0  0.0  0.0 40.400010516大野拓弥　　5600101  69.0  10.01402486+ 8                                
0617110916 42.2  0.5  0.5  0.0  0.0  0.0 43.200010491田辺裕信　　5600101  17.0   3.71402466  0                                
0617111001 58.1  0.5  0.2  0.0  0.0  0.0 58.800010516大野拓弥　　5700101  14.6   4.21435494- 4                                
0617111002 59.0  0.2  0.0  0.0  0.0  0.0 59.202010349蛯名正義　　5700101  35.9   6.71435512  0                                
0617111003 59.3  1.3  2.3  2.0  0.0  0.0 64.902030378柴山雄一　　5700101   9.6   2.31435502+ 2495                             
0617111004 60.1  2.3  1.8  3.5  3.6  0.0 71.300010500松岡正海　　5600101   4.2   1.61435478- 2111                             
0617111005 63.0  1.4  1.5  2.5  2.1  0.0 70.500010570石川裕紀人　5700101   7.5   2.11435484  0352                             
0617111006 60.0  0.8  0.0  0.0  2.4  0.0 63.202010416吉田豊　　　5700101  10.1   2.61435546+ 4 26                             
0617111007 58.0  1.6  4.5  3.0  2.2  0.0 69.302030468戸崎圭太　　5600101   4.7   2.11435470+ 4243                             
0617111008 56.1  1.0  0.0  0.0  0.0  0.0 57.100030113内田博幸　　5700101  10.2   3.21435476+10                                
0617111009 56.0  0.3 -1.0  0.0  0.0  0.0 55.300010491田辺裕信　　5700101  25.9   7.91435498+ 2                                
0617111010 59.1  0.5  2.0  0.0  0.0  0.0 61.600010324柴田善臣　　5700101  20.3   4.91435478+ 2                                
0617111011 61.2  1.7  2.4  1.5  2.3  0.0 69.100010512川田将雅　　5700101   8.5   2.21435464+12534                             
0617111012 52.9  0.1 -1.0  0.0  0.0  0.0 52.000010368田中勝春　　5700101  51.5   8.51435512+ 6                                
0617111013 59.2  0.3  0.0  0.0  0.0  0.0 59.502010510吉田隼人　　5700101  19.6   4.11435528  0                                
0617111101 68.5  1.7  2.6  2.0  2.3  0.0 77.100010375江田照男　　5650101   7.8   2.01507496  0433                             
0617111102 66.5  1.2  2.3  0.0  0.0  0.0 70.000010491田辺裕信　　5750101  10.6   2.31507502- 2 96                             
0617111103 68.6  2.6  4.2  3.5  3.6  0.0 82.502010416吉田豊　　　5650101   3.0   1.21507480  0111                             
0617111104 64.1  0.4  1.5  0.0  0.0  0.0 66.000010497石橋脩　　　5500101  43.1   5.11507488- 4                                
0617111105 70.0  0.6  1.0  0.0  2.4  0.0 74.010010516大野拓弥　　5400101  36.3   4.51507496  0 24                             
0617111106 66.0  0.7  0.1  1.5  0.0  0.0 68.310030018小牧太　　　5500101   9.3   2.41507488- 25                               
0617111107 63.1  1.1  3.1  2.5  2.2  0.0 72.010030468戸崎圭太　　5500101   7.5   2.11507468+ 8345                             
0617111108 66.1  0.8  0.0  0.0  0.0  0.0 66.910010500松岡正海　　5700101  20.8   3.51507484- 6                                
0617111109 68.0  0.2  0.0  0.0  0.0  0.0 68.200010349蛯名正義　　5400101  63.4   7.51507466+ 2                                
0617111110 67.0  2.8  3.8  3.0  2.1  0.0 78.710010512川田将雅　　5400101   3.4   1.41507524  0252                             
0617111111 63.0  0.1 -1.0  0.0  0.0  0.0 62.102010562長岡禎仁　　5100101  96.4   8.91507512+ 4                                
0617111112 64.0  0.4 -1.0  0.0  0.0  0.0 63.402030113内田博幸　　5400101  31.5   4.61507504- 2                                
0617111113 65.0  0.1 -1.0  0.0  0.0  0.0 64.100010515丹内祐次　　5200101 105.6  13.81507472+ 2                                
0617111201 55.0  1.3  1.2  3.5  2.2  0.0 63.200010349蛯名正義　　5600101   4.6   2.61547514-12165                             
0617111202 56.0  1.2  3.0  0.0  2.4  0.0 62.600030113内田博幸　　5700101  11.0   2.81547484  0 46                             
0617111203 53.7  0.1  0.6  0.0  0.0  0.0 54.403010368田中勝春　　5700101  27.4   2.81547462+ 8                                
0617111204 55.2  0.4  0.0  0.0  0.0  0.0 55.600010497石橋脩　　　5600101  20.8   4.81547468+ 2                                
0617111205 52.0  0.9  0.0  2.0  0.0  0.0 54.900010510吉田隼人　　5500101   8.1   2.41547456+ 44                               
0617111206 52.0  0.1  0.0  0.0  0.0  0.0 52.102010563原田和真　　5502101  58.0  16.91547522- 8                                
0617111207 53.0  0.2 -1.0  0.0  0.0  0.0 52.200010375江田照男　　5700101  59.0  16.01547508- 2                                
0617111208 58.0  1.3  2.0  0.0  2.3  0.0 63.600010462北村宏司　　5400101  13.7   3.41547448+ 2 54                             
0617111209 52.0  0.3 -1.0  0.0  0.0  0.0 51.300010500松岡正海　　5700101  38.9  10.81547488- 2                                
0617111210 57.1  1.5  2.6  2.5  3.2  0.0 66.902010491田辺裕信　　5500101   9.0   2.51547466- 2332                             
0617111211 58.1  1.6  2.6  3.0  3.6  0.0 68.900030468戸崎圭太　　5600101   5.1   2.81547528+ 2211                             
0617111212 55.0  0.2  0.0  0.0  0.0  0.0 55.200010507津村明秀　　5700101  34.3   8.21547482-12                                
0617111213 57.0  1.8  2.6  1.5  3.3  0.0 66.200010324柴田善臣　　5700101   6.9   1.91547480  0523                             
0617111214 52.0  0.6  0.0  0.0  0.0  0.0 52.600030378柴山雄一　　5500101  19.9   5.91547476- 2                                
0617111215 55.1  1.1  2.4  0.0  0.0  0.0 58.602010570石川裕紀人　5301101  15.4   3.61547464+ 2                                
0617111216 52.0  0.1 -1.0  0.0  0.0  0.0 51.100010577野中悠太郎　5203101 104.8  18.81547486+ 2                                
0817110101 27.0  0.4 -1.0  0.0  0.0  0.0 26.400010544国分恭介　　5600102  24.4   3.60947518  0                                
0817110102 18.6  0.5  1.1  0.0  0.0  0.0 20.212010522北村友一　　5600102  10.9   2.60947470+ 6                                
0817110103 29.0  0.2 -1.0  0.0  0.0  0.0 28.202010436古川吉洋　　5600102  76.9  17.50947460  0  6                             
0817110104 15.0  0.3  0.0  0.0  0.0  0.0 15.310010508藤岡佑介　　5600102  48.8   9.40947446-12                                
0817110105 17.0  0.1  0.0  0.0  0.0  0.0 17.100010419幸英明　　　5600102 117.8  17.30947454+ 6                                
0817110106 37.0  0.9  3.2  1.5  2.3  0.0 44.910010558藤懸貴志　　5600102   7.6   2.00947496  0522                             
0817110107 15.0  0.1 -1.0  0.0  0.0  0.0 14.100010583坂井瑠星　　5303102 226.6  38.20947498+ 2                                
0817110108 22.0  0.1 -1.0  0.0  0.0  0.0 21.100010572小崎綾也　　5501102  93.2  15.20947510- 2                                
0817110109 14.0  0.2  0.0  0.0  0.0  0.0 14.202010482川島信二　　5600102 196.3  30.50947510  0                                
0817110110 16.0  0.1 -1.0  0.0  0.0  0.0 15.100010546松山弘平　　5600102 171.8  33.50947478- 2                                
0817110111 38.0  3.2  3.7  3.5  3.3  0.0 51.710010355武豊　　　　5600102   2.2   1.10947504+ 2111                             
0817110112 35.0  0.9  2.0  0.0  2.1  0.0 40.000010580荻野極　　　5303102  14.4   2.20947496+ 6 44                             
0817110113 30.8  1.4  1.7  2.0  0.0  0.0 35.900030182岩田康誠　　5600102   9.4   2.40947508+12495                             
0817110114 27.0  0.1 -1.0  0.0  0.0  0.0 26.100010534田中健　　　5400102  64.2   8.60947436+ 4                                
0817110115 20.0  1.3  2.4  2.5  2.0  0.0 28.210010438和田竜二　　5600102   7.5   2.00947480+1235                              
0817110116 32.0  1.6  2.6  3.0  2.2  0.0 41.410070176Ｍ．デムーロ5600102   6.9   1.50947466  0233                             
0817110201 30.1  0.6 -1.0  0.0  0.0  0.0 29.700030182岩田康誠　　5600101  33.4   4.01021462+ 6                                
0817110202 26.7  0.7  1.7  2.0  2.0  0.0 33.110010544国分恭介　　5600101   8.3   2.61021514+42455                             
0817110203 25.0  0.5  0.0  0.0  0.0  0.0 25.500010390四位洋文　　5400101  16.9   3.71021408-10                                
0817110204 37.0  2.9  3.5  3.5  3.3  0.0 50.200010355武豊　　　　5600101   3.0   1.11021488+ 2111                             
0817110205 26.9  0.3 -1.0  0.0  0.0  0.0 26.200010438和田竜二　　5600101  33.1   4.81021546+14                                
0817110206 26.0  1.6  2.7  1.5  2.1  0.0 33.900010574松若風馬　　5400101   9.0   2.51021464- 4544                             
0817110207 22.0  0.6  0.4  0.0  0.0  0.0 23.000010546松山弘平　　5600101  15.4   3.41021432  0                                
0817110208 19.0  0.0 -1.0  0.0  0.0  0.0 18.000010558藤懸貴志　　5600101 326.5  51.21021484+ 6                                
0817110209 14.0  0.2  0.0  0.0  0.0  0.0 14.210010536藤岡康太　　5600101  78.7  12.51021522+ 2                                
0817110210 30.2  0.8  0.0  0.0  0.0  0.0 31.000010457酒井学　　　5600101  10.3   3.31021480  0                                
0817110211 38.0  1.7  2.1  3.0  2.2  0.0 47.000010436古川吉洋　　5600101   5.3   1.81021458+ 2232                             
0817110212 22.0  0.1  0.0  0.0  0.0  0.0 22.112010569城戸義政　　5202101 156.5  15.61021440+ 4                                
0817110213 31.0  0.6  0.0  0.0  0.0  0.0 31.602010535浜中俊　　　5600101  35.7   4.71021436  0  6                             
0817110214 33.0  1.4  0.4  2.5  2.3  0.0 39.600070234Ｃ．ルメール5600101   6.7   2.01021472- 2323                             
0817110215 26.0  0.1 -1.0  0.0  0.0  0.0 25.102010585森裕太朗　　5303101 143.3  15.41021450- 2                                
0817110216 14.0  0.1 -1.0  0.0  0.0  0.0 13.100010578鮫島克駿　　5301101  50.7   8.41021468  0                                
0817110301 30.0  0.2  0.0  0.0  0.0  0.0 30.200010451松田大作　　5600101  76.5  13.21051450+10                                
0817110302 42.0  1.5  2.0  1.5  2.1  0.0 49.100070176Ｍ．デムーロ5600101   8.8   2.21051548+ 8545                             
0817110303 47.0  0.7  0.7  0.0  0.0  0.0 48.400070334Ｖ．シュミノ5600101  14.6   3.21051512  0 96                             
0817110304 34.0  0.2  0.0  0.0  0.0  0.0 34.200070329Ｓ．フォーリ5600101  51.2  10.61051480+ 4                                
0817110305 39.0  1.0  1.5  0.0  0.0  0.0 41.500010355武豊　　　　5600101   9.2   2.61051510- 2                                
0817110306 34.0  0.3 -1.0  0.0  0.0  0.0 33.300010438和田竜二　　5600101  55.1  11.31051468+ 2                                
0817110307 45.0  1.8  3.2  2.5  2.0  0.0 54.500010482川島信二　　5600101   7.2   1.51051526+ 8354                             
0817110308 31.0  0.2  0.0  0.0  0.0  0.0 31.200010580荻野極　　　5103101  43.8   7.31051448- 6                                
0817110309 48.0  2.3  3.3  3.5  2.3  0.0 59.412010574松若風馬　　5600101   3.4   1.21051540- 8122                             
0817110310 51.0  1.7  2.7  2.0  2.2  0.0 59.610010457酒井学　　　5600101   6.4   1.91051522- 6431                             
0817110311 45.2  1.8  4.5  3.0  3.3  0.0 57.800070234Ｃ．ルメール5600101   3.7   1.41051494  0213                             
0817110312 44.0  0.2 -1.0  0.0  0.0  0.0 43.200010546松山弘平　　5600101  78.0  12.61051506- 2                                
0817110313 44.1  0.2  0.0  0.0  0.0  0.0 44.300010572小崎綾也　　5301101  44.0   7.51051452- 2                                
0817110401 45.0  0.4  1.1  0.0  0.0  0.0 46.500010564菱田裕二　　5600101  20.2   2.71121502+10  6                             
0817110402 49.1  0.6  0.0  0.0  0.0  0.0 49.710010355武豊　　　　5600101  25.4   3.31121478  0  5                             
0817110403 32.0  0.2 -1.0  0.0  0.0  0.0 31.200010419幸英明　　　5700101 177.7  17.51121492+ 6                                
0817110404 37.4  0.3  0.0  0.0  0.0  0.0 37.710010508藤岡佑介　　5600101  40.0   6.71121484+ 8                                
0817110405 36.5  0.1  0.0  0.0  0.0  0.0 36.601010574松若風馬　　5400101  51.9   8.01121504+10                                
0817110406 40.0  0.6  0.3  2.5  0.0  0.0 43.400010482川島信二　　5600101  14.8   2.21121510+113                               
0817110407 30.0  0.2 -1.0  0.0  0.0  0.0 29.202010457酒井学　　　5600101 146.9  14.71121524+ 2                                
0817110408 35.0  0.1 -1.0  0.0  0.0  0.0 34.110010578鮫島克駿　　5501101 264.5  20.51121488+ 4                                
0817110409 37.0  1.1  2.4  2.0  2.1  0.0 44.600030182岩田康誠　　5600101   9.9   2.11121506+ 444                              
0817110410 46.0  0.8  2.1  0.0  2.0  0.0 50.900010546松山弘平　　5400101  20.8   3.11121474+ 4 54                             
0817110411 49.3  2.1  3.1  3.0  2.3  0.0 59.800010438和田竜二　　5600101   8.3   1.61121482+ 4222                             
0817110412 48.0  0.9  2.7  1.5  2.2  0.0 55.300010536藤岡康太　　5600101  14.4   1.91121492- 8533                             
0817110413 53.0  3.1  4.1  3.5  3.3  0.0 67.000070176Ｍ．デムーロ5600101   1.4   1.11121540+10111                             
0817110414 35.0  0.2  0.0  0.0  0.0  0.0 35.210010583坂井瑠星　　5303101  47.1   8.21121492+ 6                                
0817110415 30.0  0.1  0.0  0.0  0.0  0.0 30.110010544国分恭介　　5500101 243.9  22.71121544+ 2                                
0817110501 24.0  0.0  0.0  0.0  0.0  0.0 24.000010558藤懸貴志　　5600101 133.7  16.51212450  0                                
0817110502 32.0  0.4  0.0  0.0  0.0  0.0 32.400010583坂井瑠星　　5303101  26.5   3.81212482  0                                
0817110503 28.0  0.6  1.2  0.0  2.1  0.0 31.900010574松若風馬　　5600101  19.9   3.31212502+ 4 4                              
0817110504 37.2  2.5  3.0  3.0  2.3  0.0 48.000010355武豊　　　　5400101   3.4   1.31212472- 4222                             
0817110505 31.0  0.2  0.4  0.0  0.0  0.0 31.612010429柴田大知　　5600101  29.8   3.51212432+ 2                                
0817110506 28.0  0.2 -1.0  0.0  0.0  0.0 27.210010534田中健　　　5600101  87.5  10.21212526+12                                
0817110507 33.0  0.3  0.0  0.0  0.0  0.0 33.310010419幸英明　　　5600101  26.0   3.61212486+ 2  6                             
0817110508 32.0  0.1  0.0  0.0  0.0  0.0 32.100010564菱田裕二　　5600101  98.0  11.31212488+ 2                                
0817110509 34.2  1.3  2.1  2.5  2.2  0.0 42.310010339横山典弘　　5600101   9.2   2.11212476- 4334                             
0817110510 37.0  1.0  1.4  2.0  2.0  0.0 43.400010438和田竜二　　5600101  12.1   2.11212500  0453                             
0817110511 25.0  0.2  0.0  0.0  0.0  0.0 25.210010536藤岡康太　　5400101 115.2  15.51212490+ 4                                
0817110512 38.0  3.4  4.0  3.5  3.3  0.0 52.200010435福永祐一　　5600101   2.2   1.11212434+ 6111                             
0817110513 26.0  0.2  0.0  0.0  0.0  0.0 26.200010451松田大作　　5600101 139.0  18.11212478- 2                                
0817110514 32.0  0.2  0.0  0.0  0.0  0.0 32.200070329Ｓ．フォーリ5400101  32.2   5.21212448- 4                                
0817110515 34.0  0.8  1.4  0.0  0.0  0.0 36.200070334Ｖ．シュミノ5400101  22.4   3.61212434  0  5                             
0817110516 28.0  0.2  0.0  1.5  0.0  0.0 29.700010547丸山元気　　5600101  19.2   3.81212462+105                               
0817110601 25.2  0.4  0.9  0.0  0.0  0.0 26.500010564菱田裕二　　5600101  39.8   5.11239494     6                             
0817110602 29.8  1.8  1.9  2.5  2.0  0.0 38.000010435福永祐一　　5600101   5.1   1.21239486   354                             
0817110603 15.0  0.2 -1.0  0.0  0.0  0.0 14.200010429柴田大知　　5200101  53.8   6.01239482                                   
0817110604 31.7  1.3  2.2  2.0  2.1  0.0 39.300010339横山典弘　　5600101  10.3   1.81239486   443                             
0817110605 19.7  0.6  0.0  0.0  0.0  0.0 20.300010455池添謙一　　5600101  15.2   2.91239478                                   
0817110606 40.4  3.4  3.7  3.5  3.3  0.0 54.300070234Ｃ．ルメール5600101   1.9   1.11239510   111                             
0817110607 26.4  0.9  1.1  1.5  2.2  0.0 32.100010355武豊　　　　5600101  15.2   2.61239454   535                             
0817110608 15.0  0.2  0.0  0.0  0.0  0.0 15.200070329Ｓ．フォーリ5600101  49.8   7.61239470                                   
0817110609 38.9  2.1  3.5  3.0  2.3  0.0 49.800070334Ｖ．シュミノ5600101   4.4   1.11239458   222                             
0817110610 15.0  0.4 -1.0  0.0  0.0  0.0 14.400010438和田竜二　　5600101  51.4   6.21239488                                   
0817110701 47.1  1.4  2.1  0.0  2.0  0.0 52.600010550高倉稜　　　5600101  14.6   3.31310470- 6 53                             
0817110702 41.0  0.2 -1.0  0.0  0.0  0.0 40.200010544国分恭介　　5400101  69.0  15.71310470+ 6                                
0817110703 43.0  0.1 -1.0  0.0  0.0  0.0 42.100010568岩崎翼　　　5401101  42.6   7.71310454+ 2                                
0817110704 43.3  0.3  0.0  3.0  0.0  0.0 46.610010429柴田大知　　5600101   7.2   2.51310498+ 82 5                             
0817110705 45.0  1.3  0.0  0.0  0.0  0.0 46.300010569城戸義政　　5502101  12.3   2.91310496  0                                
0817110706 39.0  0.8  1.1  2.0  0.0  0.0 42.900010546松山弘平　　5700101  10.8   3.31310486+224                               
0817110707 47.0  0.2 -1.0  0.0  0.0  0.0 46.200010575義英真　　　5601101  23.6   5.71310486+ 6                                
0817110708 49.3  2.3  2.6  3.5  3.3  0.0 61.001010580荻野極　　　5103101   5.2   1.81310482  0111                             
0817110709 34.0  0.9 -1.0  0.0  0.0  0.0 33.900030182岩田康誠　　5600101   9.5   3.81310508+ 6                                
0817110710 44.0  0.2  0.0  0.0  2.2  0.0 46.400010436古川吉洋　　5600101  22.8   6.61310502+ 4 36                             
0817110711 49.0  1.1  2.3  1.5  2.3  0.0 56.202010548川須栄彦　　5600101  10.2   2.81310472+ 4522                             
0817110712 34.0  1.0  1.8  0.0  0.0  0.0 36.800010455池添謙一　　5600101  15.9   3.91310438+10                                
0817110713 41.0  0.7  0.0  0.0  0.0  0.0 41.700010578鮫島克駿　　5401101  10.3   3.61310454- 2                                
0817110714 42.7  1.7  2.2  2.5  2.1  0.0 51.200010438和田竜二　　5700101   7.0   2.71310502+ 6344                             
0817110715 40.0  0.1 -1.0  0.0  0.0  0.0 39.100010564菱田裕二　　5600101 150.5  22.41310448-10                                
0817110716 27.0  0.2  0.0  0.0  0.0  0.0 27.200010534田中健　　　5400101  21.4   4.91310446- 5                                
0817110801 53.0  0.2 -1.0  0.0  0.0  0.0 52.200010580荻野極　　　5403101  27.0   7.21339502+ 2                                
0817110802 51.0  0.4  0.0  0.0  0.0  0.0 51.400010572小崎綾也　　5301101  20.6   3.91339480- 2                                
0817110803 51.0  0.9  2.3  1.5  0.0  0.0 55.700010569城戸義政　　5402101   9.7   2.21339450- 45 6                             
0817110804 54.0  0.2  0.0  0.0  0.0  0.0 54.200010585森裕太朗　　5403101  29.9   4.51339518+ 6                                
0817110805 55.2  2.3  2.7  3.0  2.3  0.0 65.510070234Ｃ．ルメール5600101   3.2   1.21339516  0223                             
0817110806 56.0  0.6  0.2  0.0  2.0  0.0 58.800010429柴田大知　　5700101  18.7   3.31339482+ 4 55                             
0817110807 57.0  1.6  2.4  2.5  2.2  0.0 65.702010536藤岡康太　　5500101   7.4   1.71339492+ 4332                             
0817110808 57.2  3.0  4.1  3.5  3.3  0.0 71.110010455池添謙一　　5600101   3.1   1.21339482- 4111                             
0817110809 49.0  0.1  0.0  0.0  0.0  0.0 49.100030505岡田祥嗣　　5700101  55.9   8.41339538+ 2                                
0817110810 50.0  0.2  0.0  2.0  0.0  0.0 52.200010436古川吉洋　　5700101  15.1   3.31339460- 24                               
0817110811 55.0  1.0  1.1  0.0  2.1  0.0 59.200010578鮫島克駿　　5601101  14.8   3.01339490+10 44                             
0817110812 43.0  0.1 -1.0  0.0  0.0  0.0 42.100010553水口優也　　5700101 124.5  17.31339508+21                                
0817110813 40.0  0.2 -1.0  0.0  0.0  0.0 39.202010579加藤祥太　　5601101 106.5  16.01339478- 2                                
0817110814 49.0  0.6  0.0  0.0  0.0  0.0 49.600010583坂井瑠星　　5403101  22.7   3.61339486+ 8                                
0817110901 60.2  0.2  0.0  0.0  0.0  0.0 60.402010451松田大作　　5700101  47.6   5.01411472+10                                
0817110902 59.0  0.2 -1.0  0.0  0.0  0.0 58.200010419幸英明　　　5600101  43.0   5.11411514+ 6                                
0817110903 59.1  0.4  1.1  0.0  0.0  0.0 60.600010536藤岡康太　　5700101  26.2   3.11411478+ 4                                
0817110904 49.9  0.4 -1.0  0.0  0.0  0.0 49.300010435福永祐一　　5700101  55.4   5.51411522  0                                
0817110905 64.0  3.4  4.4  3.5  3.3  0.0 78.601070234Ｃ．ルメール5600101   1.4   1.11411536- 4111                             
0817110906 60.1  1.2  1.8  2.0  2.2  0.0 67.300070176Ｍ．デムーロ5600101  11.9   2.11411504- 4434                             
0817110907 45.1  0.3 -1.0  0.0  0.0  0.0 44.400010535浜中俊　　　5700101 101.3  12.41411508+20                                
0817110908 64.2  2.4  3.5  2.5  2.3  0.0 74.900010355武豊　　　　5700101   7.2   1.31411502  0322                             
0817110909 62.0  0.3  1.5  0.0  2.1  0.0 65.900010429柴田大知　　5700101  19.9   3.01411488+ 2 45                             
0817110910 63.0  1.6  3.1  3.0  2.0  0.0 72.700010459竹之下智昭　5700101  11.1   1.51411498+ 4253                             
0817110911 45.0  0.2 -1.0  0.0  0.0  0.0 44.200070329Ｓ．フォーリ5700101 154.2  16.11411480- 6                                
0817110912 45.0  0.2 -1.0  0.0  0.0  0.0 44.212010438和田竜二　　5700101 147.3  13.71411536+ 2                                
0817110913 45.0  0.2 -1.0  0.0  0.0  0.0 44.200010482川島信二　　5700101 278.6  38.81411470- 2                                
0817110914 58.0  0.6  1.0  1.5  0.0  0.0 61.100010548川須栄彦　　5700101  14.7   2.81411520+ 25 6                             
0817110915 57.0  0.2 -1.0  0.0  0.0  0.0 56.200010460太宰啓介　　5700101 210.8  15.41411476- 4                                
0817111001 57.0  0.9  0.0  0.0  0.0  0.0 57.900070234Ｃ．ルメール5400101  12.3   3.21444492+10 9                              
0817111002 58.0  1.0  2.2  2.0  0.0  0.0 63.200010482川島信二　　5400101   9.4   2.21444552+364 6                             
0817111003 65.0  1.4  1.7  3.0  1.9  0.0 73.000070176Ｍ．デムーロ5500101   6.8   2.01444502+ 6233                             
0817111004 62.0  0.5  0.0  0.0  0.0  0.0 62.510010339横山典弘　　5400101  13.3   3.11444464+ 2                                
0817111005 56.0  0.4  0.0  0.0  0.0  0.0 56.400010574松若風馬　　4900101  26.4   4.21444574+ 2                                
0817111006 60.0  0.2 -1.0  0.0  0.0  0.0 59.200010579加藤祥太　　4900101  53.1   6.01444470  0                                
0817111007 62.1  0.6  0.3  0.0  1.7  0.0 64.700010457酒井学　　　5100101  15.0   2.91444486  0 55                             
0817111008 62.2  0.3  0.0  0.0  0.0  0.0 62.510010419幸英明　　　5300101  23.8   4.01444486+ 6                                
0817111009 64.0  2.2  4.1  1.5  1.8  0.0 73.600010355武豊　　　　5500101   7.4   2.41444496+ 4542                             
0817111010 62.3  1.6  3.1  2.5  2.0  0.0 71.500070334Ｖ．シュミノ5600101   6.3   1.71444486+ 2324                             
0817111011 65.3  3.2  3.4  3.5  3.2  0.0 78.600010429柴田大知　　5500101   2.6   1.21444506+ 2111                             
0817111012 53.0  0.2  0.0  0.0  0.0  0.0 53.200010578鮫島克駿　　5100101 115.7  15.51444474- 4                                
0817111101 67.3  0.6  0.0  0.0  0.0  0.0 67.902010435福永祐一　　5500101  12.5   2.61522512-10                                
0817111102 58.0  0.2  0.0  0.0  0.0  0.0 58.200010438和田竜二　　5600101  37.1   4.91522474+ 2                                
0817111103 63.0  0.3 -1.0  0.0  0.0  0.0 62.300010455池添謙一　　5300101 203.4  26.91522486-12                                
0817111104 69.3  1.4  2.2  3.0  2.2  0.0 78.100010535浜中俊　　　5600101   7.5   1.91522504+ 2233                             
0817111105 70.0  0.7  2.2  1.5  2.1  0.0 76.500070329Ｓ．フォーリ5750101  12.7   2.41522502- 2544                             
0817111106 71.0  3.2  4.0  3.5  3.3  0.0 85.010010355武豊　　　　5650101   2.0   1.11522480+ 2111                             
0817111107 64.0  0.1 -1.0  0.0  0.0  0.0 63.100010419幸英明　　　5600101 146.9  13.41522494- 6                                
0817111108 61.0  0.2  0.0  0.0  0.0  0.0 61.200010446秋山真一郎　5300101 201.4  24.41522460- 6                                
0817111109 61.0  0.5 -1.0  0.0  0.0  0.0 60.500030182岩田康誠　　5500101  87.9   9.31522508+ 8                                
0817111110 65.0  0.2  0.0  0.0  0.0  0.0 65.200010436古川吉洋　　5600101  83.3   9.21522528+12                                
0817111111 64.0  0.2  1.1  0.0  0.0  0.0 65.302010547丸山元気　　5500101  35.9   4.91522506+ 2                                
0817111112 66.0  0.4  0.0  0.0  0.0  0.0 66.400010339横山典弘　　5500101  14.2   3.11522504- 2                                
0817111113 62.0  0.2  0.0  0.0  0.0  0.0 62.200070334Ｖ．シュミノ5600101 173.2  20.71522500- 2                                
0817111114 66.2  1.0  3.3  2.5  2.0  0.0 75.000070176Ｍ．デムーロ5400101   6.9   2.01522466+ 6355                             
0817111115 69.0  0.8  1.2  0.0  0.0  0.0 71.000010429柴田大知　　5600101  17.4   3.51522474- 2 96                             
0817111116 63.0  0.1 -1.0  0.0  0.0  0.0 62.100010550高倉稜　　　5200101 410.0  75.61522470  0                                
0817111117 66.0  0.4  0.0  0.0  0.0  0.0 66.400010508藤岡佑介　　5500101 132.2  13.41522474+ 2                                
0817111118 70.2  1.4  2.3  2.0  2.3  0.0 78.200070234Ｃ．ルメール5700101  12.1   2.91522516  0422                             
0817111201 51.1  0.2 -1.0  0.0  0.0  0.0 50.300010536藤岡康太　　5400101  30.2   7.01556452  0                                
0817111202 54.7  0.9  1.0  2.0  0.0  0.0 58.600070234Ｃ．ルメール5500101   7.0   2.91556474+ 84 6                             
0817111203 53.2  1.8  2.8  3.0  2.1  0.0 62.900010535浜中俊　　　5500101   5.7   1.71556522- 2245                             
0817111204 56.0  3.0  3.6  3.5  3.3  0.0 69.400010355武豊　　　　5400101   3.6   1.41556456- 8111                             
0817111205 49.8  0.3  0.0  0.0  0.0  0.0 50.110010522北村友一　　5700101  53.7   7.21556486+ 2                                
0817111206 51.0  0.1 -1.0  0.0  0.0  0.0 50.100010482川島信二　　5400101  85.4  11.51556478  0                                
0817111207 45.0  0.2 -1.0  0.0  0.0  0.0 44.200010550高倉稜　　　5500101  62.5   9.01556454- 4                                
0817111208 44.0  0.4  0.0  0.0  0.0  0.0 44.410010574松若風馬　　5700101  29.1   5.31556442+ 6                                
0817111209 50.0  0.2  0.0  0.0  0.0  0.0 50.200010546松山弘平　　5700101  23.8   4.11556500+ 6                                
0817111210 57.2  1.9  2.9  2.5  2.0  0.0 66.500070176Ｍ．デムーロ5700101   5.5   1.81556500+14352                             
0817111211 45.0  0.1 -1.0  0.0  0.0  0.0 44.100010419幸英明　　　5500101 101.6  16.31556480+20                                
0817111212 59.0  1.3  3.0  0.0  2.2  0.0 65.500030182岩田康誠　　5600101   7.0   2.21556494+12 33                             
0817111213 49.0  0.1 -1.0  0.0  0.0  0.0 48.100070329Ｓ．フォーリ5500101 138.5  13.81556486+ 4                                
0817111214 48.0  0.2 -1.0  0.0  0.0  0.0 47.210010410小林徹弥　　5500101 107.4  18.11556490+12                                
0817111215 43.0  0.4  0.0  0.0  0.0  0.0 43.400010455池添謙一　　5600101  17.6   3.91556524+ 8                                
0817111216 57.0  1.4  1.9  1.5  2.3  0.0 64.100010435福永祐一　　5500101  10.3   2.31556506+ 6524                             
