0617140101 34.1  1.7  2.2  2.0  0.0  0.0 40.000010497石橋脩　　　5400201  10.3   2.00940450- 44 5                             
0617140102 10.0  0.2  0.0  0.0  0.0  0.0 10.200010324柴田善臣　　5600201  54.0   8.00940480+ 6                                
0617140103 10.0  0.4 -1.0  0.0  0.0  0.0  9.400010339横山典弘　　5400201  98.9  14.30940452+ 2                                
0617140104 33.0  1.0  2.3  1.5  2.4  0.0 40.200010462北村宏司　　5600201  12.4   2.50940448+ 2534                             
0617140105 38.0  2.9  3.5  3.5  3.2  0.0 51.100010416吉田豊　　　5600201   2.4   1.10940462  0121                             
0617140106 20.9  0.2 -1.0  0.0  0.0  0.0 20.100010562長岡禎仁　　5501201  49.1  10.50940442+12                                
0617140107 25.0  0.1 -1.0  0.0  0.0  0.0 24.102010577野中悠太郎　5303201  76.9  17.20940460+ 2                                
0617140108 34.0  0.3  1.1  0.0  0.0  0.0 35.410010375江田照男　　5400201  21.3   3.70940468+10  6                             
0617140109 27.0  0.7  1.6  0.0  0.0  0.0 29.310010582木幡巧也　　5202201  18.2   4.10940454- 2                                
0617140110 11.3  0.3  1.9  0.0  0.0  0.0 13.510010471嘉藤貴行　　5600201  20.3   3.90940470+14 9                              
0617140111 10.0  0.1 -1.0  0.0  0.0  0.0  9.102010510吉田隼人　　5400201 250.0  47.60940448- 8                                
0617140112 21.0  0.2  0.0  0.0  0.0  0.0 21.200010537丸田恭介　　5600201  67.3  10.00940434+ 2                                
0617140113 37.0  1.5  1.3  2.5  2.3  0.0 44.602010516大野拓弥　　5600201   5.2   1.40940476+ 8343                             
0617140114 32.0  2.3  3.8  3.0  3.5  0.0 44.600030468戸崎圭太　　5400201   4.4   1.40940468+ 6212                             
0617140115 10.0  0.1 -1.0  0.0  0.0  0.0  9.100010554嶋田純次　　5600201 118.2  13.00940474- 6                                
0617140116 14.9  0.4  0.0  0.0  0.0  0.0 15.302010570石川裕紀人　5301201  70.8  11.70940486- 2                                
0617140201 10.0  0.6  1.9  0.0  0.0  0.0 12.510010577野中悠太郎　5103201  23.1   2.51010468- 6                                
0617140202 31.0  0.6  0.8  0.0  0.0  0.0 32.400010570石川裕紀人　5301201  18.0   3.21010430- 2  6                             
0617140203 31.1  2.9  4.3  3.0  3.3  0.0 44.600010339横山典弘　　5400201   4.9   1.21010490- 2222                             
0617140204 16.0  0.3  0.0  0.0  0.0  0.0 16.300010500松岡正海　　5400201  61.5   7.91010462- 2                                
0617140205 20.0  0.1  0.0  0.0  0.0  0.0 20.102010444武士沢友治　5400201 154.0  16.41010426  0                                
0617140206 24.0  0.2  0.3  0.0  0.0  0.0 24.512010416吉田豊　　　5400201  24.8   4.21010402- 4                                
0617140207 10.0  0.2  0.0  0.0  0.0  0.0 10.200030113内田博幸　　5400201 110.0  14.21010476+ 2                                
0617140208 25.0  0.1 -1.0  0.0  0.0  0.0 24.110010349蛯名正義　　5400201  21.5   3.71010452+ 2                                
0617140209 28.0  1.5  2.3  2.5  2.4  0.0 36.712010516大野拓弥　　5400201  10.1   2.31010460+ 6333                             
0617140210 30.0  0.6  0.0  2.0  0.0  0.0 32.600010429柴田大知　　5400201  14.1   2.41010432+124 5                             
0617140211 10.0  0.1 -1.0  0.0  0.0  0.0  9.102010582木幡巧也　　5202201  77.0  11.11010444- 2                                
0617140212 28.1  0.5  0.4  1.5  2.3  0.0 32.800010510吉田隼人　　5400201  22.4   3.21010486- 2544                             
0617140213 10.0  0.1 -1.0  0.0  0.0  0.0  9.110010471嘉藤貴行　　5400201 131.5  12.91010424- 6                                
0617140214 33.0  3.0  3.9  3.5  3.5  0.0 46.900010497石橋脩　　　5400201   1.8   1.11010470- 8111                             
0617140215 15.0  0.2  0.0  0.0  0.0  0.0 15.200030378柴山雄一　　5400201  59.6   5.01010444+10                                
0617140216 22.0  0.2  0.0  0.0  0.0  0.0 22.202010562長岡禎仁　　5301201  30.5   5.31010506  0                                
0617140301 11.0  0.1 -1.0  0.0  0.0  0.0 10.102010471嘉藤貴行　　5400201 147.8  14.01040466+ 2                                
0617140302 24.0  0.2 -1.0  0.0  0.0  0.0 23.202010375江田照男　　5600201 152.7  24.21040446  0                                
0617140303 26.0  0.6  0.7  0.0  0.0  0.0 27.300010577野中悠太郎　5303201  32.0   3.91040468- 4                                
0617140304 32.1  2.9  3.2  3.0  2.4  0.0 43.602010462北村宏司　　5600201   3.5   1.21040512+ 2222                             
0617140305 10.0  0.1  0.0  0.0  0.0  0.0 10.112010528的場勇人　　5600201 131.0  27.51040484+ 8                                
0617140306 29.1  1.1  2.2  2.5  2.1  0.0 37.000030468戸崎圭太　　5600201   9.0   1.81040490- 8343                             
0617140307 16.0  0.4  0.0  0.0  0.0  0.0 16.400010582木幡巧也　　5402201  48.8   5.91040476+14                                
0617140308 27.0  0.2  0.0  0.0  0.0  0.0 27.202010537丸田恭介　　5600201  34.7   6.01040440+ 2                                
0617140309 29.0  0.4  0.0  1.5  0.0  0.0 30.910010429柴田大知　　5600201  15.5   2.71040480+ 65                               
0617140310 28.0  0.8  1.8  2.0  2.2  0.0 34.802010515丹内祐次　　5600201  12.9   2.21040482+ 4434                             
0617140311 31.0  0.1  0.0  0.0  0.0  0.0 31.102010444武士沢友治　5600201  49.9   6.51040440+ 6  6                             
0617140312 43.0  3.1  4.0  3.5  3.6  0.0 57.200010349蛯名正義　　5600201   2.1   1.11040520+ 6111                             
0617140313 28.1  0.8  0.5  0.0  0.0  0.0 29.400030113内田博幸　　5600201  14.9   2.91040524+ 2                                
0617140314 10.0  0.1  0.0  0.0  0.0  0.0 10.100010529黛弘人　　　5600201 176.0  34.51040464+ 8                                
0617140315 32.0  0.8  1.1  0.0  0.0  0.0 33.902030378柴山雄一　　5600201  22.1   2.51040468  0  5                             
0617140316 22.0  0.3 -1.0  0.0  0.0  0.0 21.310010442勝浦正樹　　5600201 123.3  15.81040478- 6                                
0617140401 27.2  1.4  1.9  2.0  0.0  0.0 32.500010570石川裕紀人　5301201   6.8   2.61113476   4 4                             
0617140402 23.1  0.4  1.3  2.5  2.1  0.0 29.400010582木幡巧也　　5202201   9.4   2.51113456   355                             
0617140403 10.7  0.2 -1.0  0.0  0.0  0.0  9.903010497石橋脩　　　5400201  34.6   6.21113482                                   
0617140404 29.4  1.5  2.4  1.5  2.3  0.0 37.100010349蛯名正義　　5400201  10.1   2.91113452   533                             
0617140405 11.0  0.2  0.0  0.0  0.0  0.0 11.200010510吉田隼人　　5400201  22.7   4.91113466                                   
0617140406 11.1  0.2 -1.0  0.0  0.0  0.0 10.300010577野中悠太郎　5103201  36.1   7.21113412                                   
0617140407 32.7  2.6  2.9  3.5  2.4  0.0 44.103030468戸崎圭太　　5400201   3.5   1.71113482   121                             
0617140408 10.9  0.1  0.0  0.0  0.0  0.0 11.000010324柴田善臣　　5400201  47.1   9.71113434                                   
0617140409 29.5  1.8  2.4  3.0  3.5  0.0 40.202010537丸田恭介　　5400201   5.0   1.71113492   212                             
0617140410 10.1  0.2 -1.0  0.0  0.0  0.0  9.300010375江田照男　　5400201  43.3   9.61113488    9                              
0617140411 11.4  0.7  0.0  0.0  0.0  0.0 12.100030113内田博幸　　5400201  23.9   5.11113454                                   
0617140412 18.1  0.3  0.1  0.0  0.0  0.0 18.502010416吉田豊　　　5400201  17.5   2.91113488                                   
0617140413 10.3  0.1  0.0  0.0  0.0  0.0 10.400010465二本柳壮　　5400201  98.4  16.71113436                                   
0617140414 10.0  0.0 -1.0  0.0  0.0  0.0  9.002010562長岡禎仁　　5301201  42.0  12.01113410                                   
0617140415 19.8  0.9  0.7  0.0  2.2  0.0 23.600010529黛弘人　　　5400201  16.5   3.31113454    46                             
0617140416 11.5  0.8  0.0  0.0  0.0  0.0 12.300010516大野拓弥　　5400201  12.5   2.71113426                                   
0617140501 29.8  0.3  0.0  0.0  0.0  0.0 30.100010516大野拓弥　　5600101  19.9   5.81205480+10                                
0617140502 34.0  0.2 -1.0  0.0  0.0  0.0 33.200010324柴田善臣　　5400101  36.8   4.71205422  0                                
0617140503 31.3  0.6  1.6  0.0  2.3  0.0 35.813030113内田博幸　　5600101  22.7   3.61205470+10 4                              
0617140504 38.0  0.8  1.7  1.5  0.0  0.0 42.000010429柴田大知　　5400101  10.2   2.31205440+ 4593                             
0617140505 27.0  0.1 -1.0  0.0  0.0  0.0 26.100010416吉田豊　　　5400101  70.9  14.71205474  0                                
0617140506 34.0  0.1 -1.0  0.0  0.0  0.0 33.102010471嘉藤貴行　　5600101  62.1  11.71205486+10                                
0617140507 38.1  2.3  3.4  2.5  3.2  0.0 49.500010515丹内祐次　　5600101   5.4   1.41205520  0322                             
0617140508 33.0  1.4  1.3  3.0  2.1  0.0 40.810010582木幡巧也　　5402101   6.9   2.01205480- 4265                             
0617140509 37.0  1.0  1.5  0.0  2.2  0.0 41.700010500松岡正海　　5600101  14.2   2.91205472- 2 54                             
0617140510 30.0  0.2  0.0  0.0  0.0  0.0 30.210030378柴山雄一　　5400101 166.9  28.31205422- 4                                
0617140511 35.0  1.1  0.0  2.0  2.4  0.0 40.512030468戸崎圭太　　5600101   7.9   2.31205530-10436                             
0617140512 34.0  0.3  0.0  0.0  0.0  0.0 34.302010529黛弘人　　　5600101  64.1   8.71205464- 2                                
0617140513 39.1  2.8  3.5  3.5  3.6  0.0 52.500010510吉田隼人　　5600101   2.7   1.21205456- 2111                             
0617140514 10.0  0.2 -1.0  0.0  0.0  0.0  9.202010497石橋脩　　　5400101 119.8  28.51205404- 4                                
0617140515 39.0  0.2  0.0  0.0  0.0  0.0 39.210010577野中悠太郎　5303101  31.0   4.21205444+ 2                                
0617140516 34.1  0.8  0.9  0.0  0.0  0.0 35.800010570石川裕紀人　5501101  18.2   4.91205454  0                                
0617140601 30.6  0.6  1.8  1.5  2.2  0.0 36.700010570石川裕紀人　5301101  11.8   3.31236478   545                             
0617140602 32.8  1.6  2.1  2.0  2.4  0.0 40.902010515丹内祐次　　5600101   7.1   2.11236478   423                             
0617140603 27.2  0.3  1.3  0.0  2.3  0.0 31.100010500松岡正海　　5600101  10.9   3.21236474    3                              
0617140604 21.3  0.3  0.3  0.0  0.0  0.0 21.902010375江田照男　　5600101  11.7   3.41236426                                   
0617140605 38.7  2.3  3.5  3.0  0.0  0.0 47.500010339横山典弘　　5400101   7.4   2.01236460   292                             
0617140606 15.8  0.1  0.0  0.0  0.0  0.0 15.902010465二本柳壮　　5400101  36.9  10.21236424                                   
0617140607 15.1  0.1 -1.0  0.0  0.0  0.0 14.202010577野中悠太郎　5303101  59.6  11.41236454                                   
0617140608 15.7  0.6 -1.0  0.0  0.0  0.0 15.300010516大野拓弥　　5400101  17.6   5.11236436                                   
0617140609 15.4  0.1 -1.0  0.0  0.0  0.0 14.500010471嘉藤貴行　　5400101  44.6   9.31236456                                   
0617140610 15.6  0.3  0.0  0.0  0.0  0.0 15.900010349蛯名正義　　5600101  12.9   3.21236426                                   
0617140611 39.2  2.8  3.7  3.5  3.6  0.0 52.800010510吉田隼人　　5600101   3.9   1.71236490   111                             
0617140612 25.2  1.6  0.7  2.5  2.1  0.0 32.100030468戸崎圭太　　5400101   6.5   2.21236468   356                             
0617140613 16.0  0.1 -1.0  0.0  0.0  0.0 15.100010562長岡禎仁　　5301101  82.0  14.61236450                                   
0617140614 15.2  0.2  0.0  0.0  0.0  0.0 15.402010551西村太一　　5400101  61.2  10.51236414                                   
0617140615 15.9  0.2 -1.0  0.0  0.0  0.0 15.100010529黛弘人　　　5600101  43.8   8.11236456                                   
0617140616 33.9  0.9  2.2  0.0  0.0  0.0 37.000010582木幡巧也　　5202101  16.8   4.01236484     4                             
0617140701 38.0  0.2 -1.0  0.0  0.0  0.0 37.210030113内田博幸　　5600201  18.7   4.61307510+10                                
0617140702 33.0  0.2 -1.0  0.0  0.0  0.0 32.202010375江田照男　　5600201  60.2  13.41307494- 9                                
0617140703 45.0  0.1 -1.0  0.0  0.0  0.0 44.100010528的場勇人　　5500201 144.5  26.31307422-25                                
0617140704 50.8  0.3  1.3  0.0  0.0  0.0 52.403010515丹内祐次　　5700201  32.8   6.11307530+14  6                             
0617140705 53.1  1.4  1.9  0.0  3.0  0.0 59.400010339横山典弘　　5600201  14.4   4.31307540+12 34                             
0617140706 52.1  2.0  3.4  3.5  3.6  0.0 64.600010349蛯名正義　　5600201   4.4   1.71307526+10111                             
0617140707 40.0  0.2 -1.0  0.0  0.0  0.0 39.210010582木幡巧也　　5502201  66.7  12.01307494+16                                
0617140708 51.0  0.6  1.3  0.0  0.0  0.0 52.902010429柴田大知　　5700201  11.7   3.01307504  0 95                             
0617140709 43.0  0.8  0.0  1.5  0.0  0.0 45.303010497石橋脩　　　5600201  10.0   2.41307538  05                               
0617140710 40.0  0.1  0.0  0.0  0.0  0.0 40.100010444武士沢友治　5600201  32.1   7.91307530+18                                
0617140711 51.1  1.7  2.6  3.0  2.4  0.0 60.800010516大野拓弥　　5600201   4.6   1.41307482+ 4243                             
0617140712 41.0  0.4  0.2  0.0  0.0  0.0 41.610010500松岡正海　　5600201  23.5   4.71307498+ 4                                
0617140713 53.0  2.4  3.1  2.5  3.4  0.0 64.412010416吉田豊　　　5700201   5.4   1.31307506+ 2322                             
0617140714 49.8  0.4  0.4  0.0  0.0  0.0 50.600010570石川裕紀人　5601201  18.8   3.41307486+ 6 9                              
0617140715 47.0  0.1 -1.0  0.0  0.0  0.0 46.110010577野中悠太郎　5303201  85.3  20.71307510+ 2                                
0617140716 47.2  0.9  0.0  2.0  0.0  0.0 50.100030468戸崎圭太　　5600201   8.7   3.51307466+124                               
0617140801 54.0  0.9  0.9  3.0  3.2  0.0 62.000030113内田博幸　　5600202   5.8   2.11337514- 2244                             
0617140802 53.0  0.4  0.0  0.0  0.0  0.0 53.400010339横山典弘　　5400202  27.8  10.31337488- 2                                
0617140803 56.0  1.1  2.3  0.0  3.4  0.0 62.800010570石川裕紀人　5401202  14.8   4.01337486+16 23                             
0617140804 48.3  0.2  0.3  0.0  0.0  0.0 48.800010510吉田隼人　　5500202  20.3   5.91337438+ 2                                
0617140805 51.0  0.2  0.0  0.0  0.0  0.0 51.200010375江田照男　　5500202  24.2   6.21337502- 8                                
0617140806 55.0  1.7  1.4  3.5  0.0  0.0 61.600010462北村宏司　　5700202   5.6   2.01337478+ 21 5                             
0617140807 55.1  0.3  0.0  0.0  0.0  0.0 55.400010442勝浦正樹　　5600202  26.8   7.31337578+ 2                                
0617140808 55.3  2.1  2.9  2.0  3.3  0.0 65.600010497石橋脩　　　5600202   6.6   1.81337500+ 4432                             
0617140809 53.3  0.9  0.5  0.0  0.0  0.0 54.702010349蛯名正義　　5700202  13.9   3.81337504+ 6                                
0617140810 57.0  1.8  3.2  2.5  3.6  0.0 68.102030468戸崎圭太　　5500202   6.9   2.11337450- 2311                             
0617140811 49.0  0.2  0.0  0.0  0.0  0.0 49.202010313木幡初広　　5500202  90.2  15.81337486+ 6                                
0617140812 55.2  0.6  0.0  0.0  2.4  0.0 58.200010582木幡巧也　　5202202  14.4   4.01337482  0 56                             
0617140813 53.4  0.3 -1.0  0.0  0.0  0.0 52.700010416吉田豊　　　5700202  28.3   6.51337464+ 2                                
0617140814 53.1  0.9  2.2  0.0  0.0  0.0 56.200010577野中悠太郎　5403202  11.1   3.61337532+ 6 9                              
0617140815 52.0  0.1  0.0  0.0  0.0  0.0 52.102010444武士沢友治　5700202  24.3   5.21337496  0                                
0617140816 41.0  0.3  0.0  1.5  0.0  0.0 42.812010516大野拓弥　　5500202  17.6   4.31337482+185                               
0617140901 44.2  1.1  2.4  2.5  2.3  0.0 52.500030113内田博幸　　5400102  11.5   1.81402490  0344                             
0617140902 39.0  0.6  0.0  0.0  0.0  0.0 39.600030378柴山雄一　　5400102  32.4   5.41402420+ 2                                
0617140903 46.0  3.4  3.5  3.5  3.6  0.0 60.010030468戸崎圭太　　5400102   1.4   1.11402502- 4111                             
0617140904 42.0  1.3  1.9  1.5  0.0  0.0 46.700010462北村宏司　　5400102  14.0   2.61402460+ 2595                             
0617140905 48.1  1.5  3.3  3.0  3.2  0.0 59.100010339横山典弘　　5400102   8.8   1.51402470+ 2222                             
0617140906 45.0  1.6  1.8  2.0  2.4  0.0 52.800010582木幡巧也　　5400102  10.3   1.81402454+ 4433                             
0617140907 44.0  0.5  0.0  0.0  0.0  0.0 44.500010516大野拓弥　　5400102  26.7   3.61402474+ 2                                
0617140908 38.0  0.2  0.0  0.0  0.0  0.0 38.202010416吉田豊　　　5400102  42.9   4.81402456- 6                                
0617140909 32.0  0.3 -1.0  0.0  0.0  0.0 31.300010500松岡正海　　5400102  61.5   7.81402426+ 6                                
0617140910 35.0  0.2 -1.0  0.0  0.0  0.0 34.200010529黛弘人　　　5400102 138.2  25.21402464- 4                                
0617140911 40.0  0.8  3.0  0.0  2.2  0.0 46.000010562長岡禎仁　　5400102  19.1   2.71402404- 2 56                             
0617140912 44.1  0.6  0.3  0.0  0.0  0.0 45.000010368田中勝春　　5400102  23.5   3.21402468+12                                
0617141001 55.0  0.2 -1.0  0.0  0.0  0.0 54.200010375江田照男　　5400102  96.2  18.61434492- 4                                
0617141002 61.0  1.8  4.3  2.0  3.2  0.0 72.300010497石橋脩　　　5700102   5.6   1.51434466- 2421                             
0617141003 59.0  1.0  1.5  0.0  2.4  0.0 63.900010429柴田大知　　5500102   9.5   2.01434482+ 2 36                             
0617141004 55.0  0.2 -1.0  0.0  0.0  0.0 54.210010442勝浦正樹　　5700102  86.3  17.91434458+ 8                                
0617141005 61.1  1.1  1.9  1.5  2.3  0.0 67.902010349蛯名正義　　5500102   8.7   1.91434500+ 4544                             
0617141006 60.0  0.6  0.0  0.0  0.0  0.0 60.610010462北村宏司　　5700102  24.2   3.91434524+12                                
0617141007 60.9  2.3  2.6  3.0  2.2  0.0 71.000010570石川裕紀人　5600102   3.8   1.41434522+ 2253                             
0617141008 53.7  0.3  0.0  0.0  0.0  0.0 54.000010368田中勝春　　5700102  28.1   5.81434482- 2                                
0617141009 59.1  2.6  2.8  3.5  3.6  0.0 71.600030468戸崎圭太　　5400102   3.3   1.41434462- 4112                             
0617141010 58.9  1.0  2.5  2.5  0.0  0.0 64.900010516大野拓弥　　5400102   5.4   1.91434482+ 23 5                             
0617141011 57.0  0.2  0.0  0.0  0.0  0.0 57.200010416吉田豊　　　5700102  60.5   8.11434512+10                                
0617141101 62.1  1.0  1.2  1.5  0.0  0.0 65.800010510吉田隼人　　5400202   8.5   2.41512474- 85 5                             
0617141102 65.0  0.3  0.0  0.0  0.0  0.0 65.310010324柴田善臣　　5700202  24.5   4.71512504+ 4  6                             
0617141103 58.0  0.1 -1.0  0.0  0.0  0.0 57.110010368田中勝春　　5600202 127.4  23.21512488+12                                
0617141104 66.1  1.7  2.9  2.5  3.6  0.0 76.800010516大野拓弥　　5700202   4.7   1.51512502+ 2312                             
0617141105 50.0  0.3  0.0  0.0  2.3  0.0 52.603010442勝浦正樹　　5700202  16.8   4.71512530+ 6 5                              
0617141106 64.9  0.7  2.5  0.0  0.0  0.0 68.102010515丹内祐次　　5600202  13.4   3.21512566+19  4                             
0617141107 64.0  2.6  4.0  3.0  3.0  0.0 76.600010339横山典弘　　5300202   5.1   1.81512496+ 2233                             
0617141108 60.1  1.3  0.1  2.0  0.0  0.0 63.503010570石川裕紀人　5500202   7.8   2.41512522+ 44                               
0617141109 60.0  0.1 -1.0  0.0  0.0  0.0 59.102010529黛弘人　　　5600202 119.9  14.91512496- 6                                
0617141110 66.2  2.1  2.8  3.5  3.4  0.0 78.002030468戸崎圭太　　5600202   4.2   1.71512474+18121                             
0617141111 58.9  0.2  0.0  0.0  0.0  0.0 59.100010416吉田豊　　　5600202  64.0  11.31512494+14                                
0617141112 61.3  0.4  0.0  0.0  2.4  0.0 64.100010537丸田恭介　　5600202  14.5   3.41512534- 6 4                              
0617141113 63.0  0.6  0.6  0.0  0.0  0.0 64.202010462北村宏司　　5700202  24.5   4.51512522+ 6                                
0617141114 55.0  0.2  0.0  0.0  0.0  0.0 55.210010497石橋脩　　　5600202  19.7   3.61512512  0                                
0617141201 57.0  0.5  0.6  0.0  0.0  0.0 58.112010349蛯名正義　　5700102  12.0   3.41549490+ 2  6                             
0617141202 54.6  0.8  0.1  0.0  0.0  0.0 55.502010339横山典弘　　5700102  13.9   4.41549462+ 8 9                              
0617141203 56.2  1.1  0.8  0.0  2.4  0.0 60.500030113内田博幸　　5500102  13.7   3.51549476+ 8 34                             
0617141204 55.0  0.3  2.3  0.0  0.0  0.0 57.600010516大野拓弥　　5700102  32.3   7.21549458- 2                                
0617141205 54.0  0.2  0.0  0.0  0.0  0.0 54.202010375江田照男　　5500102  33.4   7.61549460+ 6                                
0617141206 56.9  2.5  3.1  3.5  2.2  0.0 68.202010368田中勝春　　5400102   4.2   1.71549470+10151                             
0617141207 56.0  0.5  0.0  0.0  0.0  0.0 56.500010442勝浦正樹　　5500102  29.2   4.81549460- 2                                
0617141208 51.0  0.1  0.0  0.0  0.0  0.0 51.100010416吉田豊　　　5600102  82.7   8.91549480- 2                                
0617141209 53.0  1.2  1.8  1.5  0.0  0.0 57.502010577野中悠太郎　5303102  11.2   3.41549456- 25                               
0617141210 57.2  1.4  1.2  3.0  3.6  0.0 66.400010582木幡巧也　　5502102   5.9   2.11549496+14213                             
0617141211 56.1  0.2  0.0  0.0  0.0  0.0 56.300010570石川裕紀人　5401102  17.7   3.81549448+12                                
0617141212 51.0  0.2  0.0  0.0  0.0  0.0 51.200010515丹内祐次　　5600102  18.2   4.41549524+18                                
0617141213 46.0  0.2  0.0  0.0  0.0  0.0 46.202010529黛弘人　　　5700102  61.9  18.51549460+ 2                                
0617141214 54.1  0.3  0.0  0.0  0.0  0.0 54.400010510吉田隼人　　5400102  24.4   4.71549498+ 4                                
0617141215 53.0  0.8  0.0  2.0  2.3  0.0 58.110030378柴山雄一　　5600102  10.2   2.91549488+ 6445                             
0617141216 58.0  2.1  2.0  2.5  3.4  0.0 68.000030468戸崎圭太　　5700102   6.2   2.21549470  0322                             
0717110101 16.0  0.3 -1.0  0.0  0.0  0.0 15.300010522北村友一　　5400105  49.0   6.90931460- 2                                
0717110102 34.0  2.2  2.0  2.5  2.0  0.0 42.700030182岩田康誠　　5400105   6.1   1.50931472- 2342                             
0717110103 15.0  0.1  0.0  0.0  0.0  0.0 15.100010573木幡初也　　5202105  57.8   8.30931458- 2                                
0717110104 32.0  1.6  1.3  3.0  2.3  0.0 40.200070329Ｓ．フォーリ5400105   5.8   1.20931484- 6234                             
0717110105 15.0  0.2  0.0  0.0  0.0  0.0 15.200010534田中健　　　5400105  95.9  11.40931456  0                                
0717110106 18.0  0.1 -1.0  0.0  0.0  0.0 17.112030505岡田祥嗣　　5400105 120.2  13.30931464- 4                                
0717110107 20.0  0.1 -1.0  0.0  0.0  0.0 19.100010578鮫島克駿　　5301105 144.6  42.50931470+ 4                                
0717110108 31.0  1.6  3.6  2.0  3.0  0.0 41.200010449武幸四郎　　5400105   6.3   1.50931484- 6423                             
0717110109 10.0  0.2 -1.0  0.0  0.0  0.0  9.200010584藤田菜七子　5103105  50.7   5.90931450+ 8                                
0717110110 21.0  0.7  0.5  1.5  0.0  0.0 23.700010491田辺裕信　　5400105  10.7   2.30931466+ 25 6                             
0717110111 15.0  0.1 -1.0  0.0  0.0  0.0 14.100010576三津谷隼人　5103105 148.6  16.80931442- 4                                
0717110112 16.0  0.2  0.0  0.0  0.0  0.0 16.210010460太宰啓介　　5400105  49.7   7.10931492- 6                                
0717110113 20.1  0.1 -1.0  0.0  0.0  0.0 19.200010564菱田裕二　　5400105 165.9  24.70931432- 2                                
0717110114 24.0  0.4  0.0  0.0  0.0  0.0 24.400010419幸英明　　　5400105  33.6   4.60931460- 6  5                             
0717110115 39.0  2.9  3.9  3.5  3.6  0.0 52.902010452中谷雄太　　5400105   1.9   1.10931496- 2111                             
0717110116 18.0  0.1 -1.0  0.0  0.0  0.0 17.100010568岩崎翼　　　5301105 178.3  15.60931408- 6                                
0717110201 10.0  0.4 -1.0  0.0  0.0  0.0  9.400010536藤岡康太　　5600105  50.2   8.30957452- 8                                
0717110202 12.0  0.1 -1.0  0.0  0.0  0.0 11.110010573木幡初也　　5402105  42.1   8.80957470- 4                                
0717110203 25.0  0.7  4.2  2.5  0.0  0.0 32.400010564菱田裕二　　5600105   7.8   2.20957478+ 23 4                             
0717110204 26.1  0.3 -1.0  1.5  2.0  0.0 28.910010491田辺裕信　　5600105  12.7   3.00957498+ 256                              
0717110205 16.0  1.3  1.8  0.0  2.1  0.0 21.210070329Ｓ．フォーリ5600105  22.1   3.40957472+12 5                              
0717110206 19.0  0.4 -1.0  0.0  0.0  0.0 18.400010584藤田菜七子　5103105  33.0   3.90957482  0                                
0717110207 10.0  0.1 -1.0  0.0  0.0  0.0  9.110010571井上敏樹　　5402105 215.7  36.90957466- 4                                
0717110208 28.0  0.9  0.3  0.0  0.0  0.0 29.200010419幸英明　　　5600105  15.8   3.90957460- 6  6                             
0717110209 26.0  1.6  2.4  0.0  2.3  0.0 32.310010546松山弘平　　5600105  10.7   2.50957510+ 8 35                             
0717110210 24.0  0.6 -1.0  0.0  0.0  0.0 23.600010578鮫島克駿　　5501105  73.7   8.70957462- 6                                
0717110211 10.0  0.1 -1.0  0.0  0.0  0.0  9.110010457酒井学　　　5600105 228.1  24.30957458-12                                
0717110212 27.0  1.6  2.8  3.5  3.6  0.0 38.500010522北村友一　　5600105   3.2   1.80957508- 4112                             
0717110213 32.0  0.9  0.0  2.0  2.4  0.0 37.300010548川須栄彦　　5600105   8.3   2.50957472- 8423                             
0717110214 16.0  0.1 -1.0  0.0  0.0  0.0 15.100010568岩崎翼　　　5501105 102.3  13.70957482  0                                
0717110215 19.0  0.5  1.5  0.0  0.0  0.0 21.000030182岩田康誠　　5400105  19.9   3.40957482+ 4                                
0717110216 28.1  3.0  4.1  3.0  2.2  0.0 40.410010460太宰啓介　　5600105   3.8   1.10957490- 4241                             
0717110301 10.0  0.2 -1.0  2.5  0.0  0.0 11.710010491田辺裕信　　5600105  11.2   2.61029490+ 63                               
0717110302 25.1  0.8  0.0  0.0  2.1  0.0 28.000010536藤岡康太　　5400105  18.4   3.21029476+ 2 46                             
0717110303 28.0  0.8  0.0  1.5  0.0  0.0 30.313010482川島信二　　5600105  16.4   3.01029496+ 85 4                             
0717110304 10.0  0.1  0.0  0.0  0.0  0.0 10.110010567伴啓太　　　5402105  39.5   6.71029458+ 4                                
0717110305 37.0  3.3  5.1  3.5  3.6  0.0 52.500010457酒井学　　　5400105   1.7   1.11029456+ 2111                             
0717110306 25.0  0.6  1.5  0.0  0.0  0.0 27.102010564菱田裕二　　5600105  25.1   4.41029432- 2                                
0717110307 10.0  0.1 -1.0  0.0  0.0  0.0  9.100010573木幡初也　　5202105 101.9  15.01029464- 2                                
0717110308 10.0  0.1  0.0  0.0  0.0  0.0 10.100010558藤懸貴志　　5400105 203.9  19.01029450  0                                
0717110309 19.3  0.8  2.4  0.0  2.3  0.0 24.800010546松山弘平　　5400105  22.1   3.31029450+ 6 2                              
0717110310 10.0  0.1  0.0  0.0  0.0  0.0 10.110010563原田和真　　5402105  60.8  11.21029452+12                                
0717110311 31.0  1.1  2.5  2.0  0.0  0.0 36.600010534田中健　　　5600105  14.5   2.21029472- 84 3                             
0717110312 34.0  1.8  3.4  3.0  2.2  0.0 44.400010522北村友一　　5600105   6.6   1.61029506+ 4232                             
0717110313 30.0  0.2  0.0  0.0  0.0  0.0 30.200010555杉原誠人　　5400105  33.0   4.81029484+ 2  5                             
0717110314 22.0  0.2  0.0  0.0  0.0  0.0 22.200010390四位洋文　　5600105  20.4   3.31029456+10                                
0717110315 14.0  0.2 -1.0  0.0  0.0  0.0 13.200010560横山和生　　5600105  50.8   4.61029456+14                                
0717110316 10.0  0.1 -1.0  0.0  0.0  0.0  9.100010568岩崎翼　　　5301105 102.6   8.71029424- 6                                
0717110401 13.3  1.8  2.5  0.0  2.2  0.0 19.800010488蓑島靖典　　6000206  10.3   2.51059518+ 2 34                             
0717110402 12.2  0.4  0.0  2.0  0.0  0.0 14.600010378浜野谷憲尚　6000206  13.5   3.31059452+ 24 6                             
0717110403 12.0  0.5  1.1  0.0  0.0  0.0 13.600010343熊沢重文　　6000206  15.6   4.41059514+22                                
0717110404 12.1  0.5 -1.0  0.0  0.0  0.0 11.610010472金子光希　　6000206  19.2   4.81059510+ 8                                
0717110405 10.0  0.4 -1.0  0.0  0.0  0.0  9.400010458白浜雄造　　5900206  25.1   9.31059492+28                                
0717110406 12.0  0.3  0.0  0.0  0.0  0.0 12.310010533草野太郎　　5900206  47.3   7.31059478- 2                                
0717110407 11.0  0.4 -1.0  0.0  0.0  0.0 10.400010417植野貴也　　5700206  44.5   4.81059496- 4                                
0717110408 13.5  3.0  3.8  3.0  2.3  0.0 25.610010479石神深一　　5700206   3.4   1.51059454+ 4222                             
0717110409 10.0  0.2 -1.0  0.0  0.0  0.0  9.210010424山本康志　　5900206  56.6   8.91059512+ 2                                
0717110410 14.1  1.7  4.4  3.5  3.6  0.0 27.300010487平沢健治　　6000206   5.9   2.01059554+12111                             
0717110411 11.0  0.5  0.0  0.0  2.1  0.0 13.600010380北沢伸也　　5900206  22.1   5.71059492+10 4                              
0717110412 13.0  1.8  1.8  1.5  2.0  0.0 20.100010441江田勇亮　　5800206   7.5   1.61059484  0553                             
0717110413 11.0  0.3  0.1  0.0  0.0  0.0 11.400010481大庭和弥　　5800206  17.0   3.41059476+ 2                                
0717110414 12.3  1.5  1.4  2.5  0.0  0.0 17.700010427西谷誠　　　6000206   6.0   2.11059504+103 5                             
0717110501 12.0  0.5  0.0  0.0  0.0  0.0 12.500010533草野太郎　　6000202  47.4   6.31144540+ 4                                
0717110502 15.3  1.7  1.5  1.5  2.3  0.0 22.300010499鈴木慶太　　6000202  10.9   1.91144488- 4533                             
0717110503 16.0  3.5  2.8  3.5  3.6  0.0 29.400010468高田潤　　　6000202   1.5   1.11144512  0111                             
0717110504 13.0  0.5  0.0  0.0  0.0  0.0 13.500010511上野翔　　　6000202  47.6   5.21144440- 4                                
0717110505 14.0  0.3  0.0  0.0  0.0  0.0 14.300010503佐久間寛志　6000202  25.3   4.01144494+26                                
0717110506 14.1  1.0  0.8  3.0  2.0  0.0 20.900010472金子光希　　6000202   9.1   1.71144474+ 8244                             
0717110507 13.3  0.7  0.6  0.0  0.0  0.0 14.600010489五十嵐雄祐　5800202  28.5   4.11144464- 2  6                             
0717110508 15.5  2.9  2.8  2.5  2.4  0.0 26.100010380北沢伸也　　6000202   5.8   1.31144466+ 6322                             
0717110509 13.4  1.3  2.7  2.0  0.0  0.0 19.400010479石神深一　　6000202   7.8   1.21144496+ 24 5                             
0717110601 49.0  0.6  0.2  2.0  0.0  0.0 51.800010560横山和生　　5600205  17.2   2.71219460+104 4                             
0717110602 52.0  2.9  4.3  3.0  2.3  0.0 64.500010519鮫島良太　　5600205   4.6   1.51219502+ 2241                             
0717110603 37.0  0.4  0.0  0.0  0.0  0.0 37.400010536藤岡康太　　5600205  45.8   5.91219476+ 4                                
0717110604 36.0  0.8  0.0  0.0  2.4  0.0 39.200010460太宰啓介　　5400205  10.3   2.11219460+ 2 3                              
0717110605 28.0  0.1 -1.0  0.0  0.0  0.0 27.100010564菱田裕二　　5700205 105.8  18.61219530+18                                
0717110606 52.3  2.7  3.5  3.5  2.1  0.0 64.100010491田辺裕信　　5700205   3.3   1.41219472+ 6152                             
0717110607 25.0  0.3 -1.0  0.0  0.0  0.0 24.300010538宮崎北斗　　5700205  45.1  11.21219496+18                                
0717110608 44.0  0.2  0.2  0.0  0.0  0.0 44.400010571井上敏樹　　5502205  24.9   3.31219510- 2                                
0717110609 39.0  1.6  2.5  2.5  3.0  0.0 48.600010522北村友一　　5600205   5.0   2.61219536+14325                             
0717110610 36.0  0.2 -1.0  0.0  0.0  0.0 35.200010507津村明秀　　5700205  86.0  10.51219474- 6                                
0717110611 40.0  0.2 -1.0  0.0  0.0  0.0 39.200010584藤田菜七子　5303205  27.2   4.11219504  0                                
0717110612 39.0  0.3  0.0  0.0  0.0  0.0 39.300010419幸英明　　　5600205  14.6   4.31219462+ 6                                
0717110613 26.0  0.1 -1.0  0.0  0.0  0.0 25.100010547丸山元気　　5700205  90.3  16.71219428+10                                
0717110614 44.8  1.0  0.8  1.5  0.0  0.0 48.100010546松山弘平　　5400205  17.9   3.41219448+ 65 6                             
0717110615 50.0  1.1  2.4  0.0  3.6  0.0 57.100010567伴啓太　　　5502205  11.7   3.81219496+ 8 13                             
0717110616 40.1  0.4 -1.0  0.0  0.0  0.0 39.500030182岩田康誠　　5700205  54.2   7.51219482-12                                
0717110701 30.0  0.7  1.7  0.0  0.0  0.0 32.410010536藤岡康太　　5600205  18.3   4.01256450  0                                
0717110702 16.0  0.6  0.1  0.0  0.0  0.0 16.700010419幸英明　　　5400205  19.0   4.41256406-16                                
0717110703 32.0  0.4  0.0  0.0  0.0  0.0 32.410010460太宰啓介　　5600205  18.8   4.01256466- 6                                
0717110704 25.1  0.1 -1.0  0.0  0.0  0.0 24.200010564菱田裕二　　5400205  60.9  12.71256432- 4                                
0717110705 31.0  0.2  0.0  1.5  0.0  0.0 32.700010390四位洋文　　5400205  17.2   3.51256474- 85                               
0717110706 28.0  0.3 -1.0  0.0  0.0  0.0 27.300010457酒井学　　　5600205  37.5   6.11256466+ 6                                
0717110707 34.0  1.6  1.9  2.0  2.3  0.0 41.802070329Ｓ．フォーリ5600205   5.8   2.11256442+ 4443                             
0717110708 10.0  0.1 -1.0  0.0  0.0  0.0  9.110010546松山弘平　　5400205  22.6   5.41256438  0                                
0717110709 36.0  1.1  0.0  3.0  0.0  0.0 40.100010522北村友一　　5600205   6.2   2.21256462+ 42 4                             
0717110710 38.0  3.0  5.2  3.5  3.0  0.0 52.710030182岩田康誠　　5600205   3.3   1.21256498- 2121                             
0717110711 33.0  0.1 -1.0  0.0  0.0  0.0 32.100010571井上敏樹　　5202205  35.4   7.91256462- 8                                
0717110712 30.0  0.3  0.4  0.0  2.4  0.0 33.100010452中谷雄太　　5600205  26.1   5.11256468- 2 36                             
0717110713 24.0  0.1 -1.0  0.0  0.0  0.0 23.100010560横山和生　　5400205 103.9  19.01256454- 8                                
0717110714 33.0  0.3 -1.0  0.0  0.0  0.0 32.300010538宮崎北斗　　5600205 111.4  19.61256470+ 8                                
0717110715 30.0  0.1 -1.0  0.0  0.0  0.0 29.100010573木幡初也　　5402205  95.6  15.21256444- 2                                
0717110716 37.0  1.8  2.0  0.0  3.6  0.0 44.400010578鮫島克駿　　5501205  10.4   2.31256492+ 6 12                             
0717110717 33.1  0.8  0.7  2.5  0.0  0.0 37.100010491田辺裕信　　5400205   8.9   2.91256472  03 5                             
0717110718 16.0  0.0 -1.0  0.0  0.0  0.0 15.000030505岡田祥嗣　　5400205  82.4  17.11256446- 6                                
0717110801 55.0  3.2  3.3  3.5  2.4  0.0 67.400010491田辺裕信　　5600205   1.7   1.11321476- 4131                             
0717110802 30.0  0.1 -1.0  0.0  0.0  0.0 29.100010534田中健　　　5600205  71.4   7.61321464+ 6                                
0717110803 36.0  2.2  2.6  3.0  0.0  0.0 43.800030182岩田康誠　　5600205   4.6   1.31321492- 62                               
0717110804 41.0  0.3 -1.0  0.0  0.0  0.0 40.300010457酒井学　　　5700205  28.1   4.31321498+ 2                                
0717110805 46.1  0.7  1.5  0.0  2.2  0.0 50.500010555杉原誠人　　5600205  19.7   2.81321446+ 8 45                             
0717110806 38.0  0.3  0.0  0.0  0.0  0.0 38.300010507津村明秀　　5700205  42.5   3.91321486- 6                                
0717110807 49.0  1.8  3.7  2.0  0.0  0.0 56.510030505岡田祥嗣　　5600205   9.4   1.91321476- 64 3                             
0717110808 35.0  0.1 -1.0  0.0  0.0  0.0 34.110010546松山弘平　　5700205  91.3  14.41321492- 1                                
0717110809 37.0  0.2 -1.0  0.0  0.0  0.0 36.200010452中谷雄太　　5700205 129.4  13.71321484+12                                
0717110810 50.0  0.7  1.9  1.5  3.5  0.0 57.600010563原田和真　　5502205  16.2   2.21321452- 4512                             
0717110811 43.0  0.7  0.0  0.0  0.0  0.0 43.700010581菊沢一樹　　5403205  29.5   4.41321510- 2                                
0717110812 45.0  0.3 -1.0  0.0  0.0  0.0 44.300010538宮崎北斗　　5600205  50.4   4.91321476+ 8                                
0717110813 44.0  0.3 -1.0  2.5  0.0  0.0 45.800010522北村友一　　5700205  28.4   4.61321462+ 23 6                             
0717110814 32.0  0.0 -1.0  0.0  0.0  0.0 31.000010573木幡初也　　5502205 134.8   9.21321514+10                                
0717110815 46.0  0.6  1.2  0.0  3.0  0.0 50.800010547丸山元気　　5700205  30.4   5.41321532+ 2 24                             
0717110816 39.0  0.2 -1.0  0.0  0.0  0.0 38.200070329Ｓ．フォーリ5700205  58.4   8.91321522+ 8                                
0717110901 52.0  0.4  0.0  0.0  0.0  0.0 52.400010581菊沢一樹　　5403205  13.8   3.01358474  0                                
0717110902 37.0  0.1  0.0  0.0  0.0  0.0 37.100010563原田和真　　5402205  84.2  16.11358462+ 6                                
0717110903 54.9  1.7  3.5  3.0  2.4  0.0 65.510010390四位洋文　　5700205   8.1   2.21358450+ 8232                             
0717110904 54.0  1.5  3.1  1.5  0.0  0.0 60.100010507津村明秀　　5700205   6.5   2.31358504+ 25 3                             
0717110905 41.0  0.2 -1.0  0.0  2.2  0.0 42.410010546松山弘平　　5700205  38.2   7.11358488+ 4 4                              
0717110906 45.0  0.5 -1.0  2.0  0.0  0.0 46.500030182岩田康誠　　5600205  10.5   3.61358478+ 44                               
0717110907 49.3  0.4  0.6  0.0  0.0  0.0 50.300010578鮫島克駿　　5401205  16.4   3.61358452+ 6                                
0717110908 30.0  0.3 -1.0  0.0  0.0  0.0 29.310010419幸英明　　　5600205  40.2   9.01358508+ 2                                
0717110909 52.2  0.2  0.0  0.0  0.0  0.0 52.410010547丸山元気　　5400205  13.2   3.81358412  0                                
0717110910 42.0  0.1 -1.0  0.0  0.0  0.0 41.100070329Ｓ．フォーリ5500205 118.0  13.81358482+ 2                                
0717110911 56.0  0.4  0.3  0.0  0.0  0.0 56.700010571井上敏樹　　5302205  13.4   3.41358464+ 2  6                             
0717110912 39.0  0.1 -1.0  0.0  0.0  0.0 38.110010522北村友一　　5400205  50.1  13.61358488- 2                                
0717110913 42.0  0.1 -1.0  0.0  0.0  0.0 41.100010548川須栄彦　　5700205  79.4   9.81358468+ 6                                
0717110914 52.1  0.1 -1.0  0.0  0.0  0.0 51.200010552平野優　　　5700205 102.8  13.11358424- 4                                
0717110915 54.1  0.4  0.0  0.0  0.0  0.0 54.500010564菱田裕二　　5500205  27.3   6.41358466- 2                                
0717110916 55.0  3.4  3.9  3.5  3.0  0.0 68.800010452中谷雄太　　5700205   3.4   1.31358540+10121                             
0717110917 53.0  1.2  2.4  2.5  0.0  0.0 59.110010491田辺裕信　　5400205  10.1   3.11358448- 83 4                             
0717110918 52.3  0.8  1.0  0.0  3.5  0.0 57.600010460太宰啓介　　5700205  16.7   3.91358476- 4 15                             
0717111001 46.0  0.3 -1.0  3.0  0.0  0.0 48.300010491田辺裕信　　5600205   9.1   3.11425478+ 42 5                             
0717111002 47.0  0.6  0.3  0.0  0.0  0.0 47.910010546松山弘平　　5700205  17.2   4.71425496  0                                
0717111003 49.0  0.1 -1.0  0.0  0.0  0.0 48.100010567伴啓太　　　5500205  28.1   5.51425546+ 4  6                             
0717111004 35.2  0.4 -1.0  0.0  0.0  0.0 34.602030182岩田康誠　　5600205  27.2   6.71425502+18                                
0717111005 42.0  0.6  0.4  0.0  3.5  0.0 46.500070329Ｓ．フォーリ5700205  30.5   6.81425458+14 1                              
0717111006 44.0  0.2 -1.0  0.0  0.0  0.0 43.210010460太宰啓介　　5500205  33.9   8.21425472+14                                
0717111007 42.0  0.2  0.0  2.5  0.0  0.0 44.702010560横山和生　　5600205  18.9   4.81425492+123                               
0717111008 49.1  1.2  1.4  1.5  0.0  0.0 53.200010538宮崎北斗　　5400205   6.1   2.11425488+ 65 3                             
0717111009 45.0  1.2  1.4  0.0  0.0  0.0 47.600010452中谷雄太　　5600205  25.1   5.61425464+18                                
0717111010 55.0  3.0  4.1  3.5  2.1  0.0 67.700010547丸山元気　　5400205   3.6   1.61425462- 4141                             
0717111011 35.0  0.1 -1.0  0.0  0.0  0.0 34.100010568岩崎翼　　　5400205  26.9   8.31425446-10                                
0717111012 36.9  0.1  0.0  0.0  0.0  0.0 37.000010578鮫島克駿　　5700205 121.7  16.31425468+ 4                                
0717111013 42.0  0.3  0.0  0.0  0.0  0.0 42.300010390四位洋文　　5700205  19.5   3.91425474+ 8                                
0717111014 43.0  0.4  0.0  0.0  2.3  0.0 45.710010573木幡初也　　5700205  19.7   3.51425492- 4 3                              
0717111015 45.4  0.2  0.0  0.0  0.0  0.0 45.600010548川須栄彦　　5400205  41.0   5.81425486+ 6                                
0717111016 45.0  0.4  0.0  0.0  0.0  0.0 45.410010419幸英明　　　5700205  23.0   5.21425472+ 2                                
0717111017 46.9  0.6  1.6  2.0  0.0  0.0 51.102010457酒井学　　　5400205  12.1   3.21425478+184 4                             
0717111018 50.0  2.1  2.7  0.0  2.4  0.0 57.210010536藤岡康太　　5400205   7.8   2.61425458- 2 22                             
0717111101 66.0  0.9  0.7  0.0  0.0  0.0 67.600010536藤岡康太　　5300205   9.1   2.91457460+10  6                             
0717111102 63.0  0.2  0.0  0.0  0.0  0.0 63.200010578鮫島克駿　　5000205  97.8  15.81457450+ 2                                
0717111103 62.0  0.3 -1.0  0.0  0.0  0.0 61.300010452中谷雄太　　5100205  31.9   7.01457468+ 2                                
0717111104 60.0  0.3 -1.0  0.0  0.0  0.0 59.300010507津村明秀　　5200205  25.1   5.51457456- 6                                
0717111105 63.9  0.3  0.0  0.0  0.0  0.0 64.200010482川島信二　　5000205  18.0   4.01457430- 4                                
0717111106 63.3  0.2 -1.0  0.0  0.0  0.0 62.500010547丸山元気　　5100205  72.4  14.51457464+ 2                                
0717111107 68.0  1.8  2.2  2.0  2.1  0.0 76.100010419幸英明　　　5200205   5.1   1.81457508+ 8452                             
0717111108 61.0  0.2 -1.0  0.0  0.0  0.0 60.200010568岩崎翼　　　5000205  40.3   7.61457442  0                                
0717111109 63.2  0.4 -1.0  0.0  0.0  0.0 62.600010560横山和生　　5100205  18.4   4.31457476- 4                                
0717111110 64.0  1.2  1.6  2.5  3.5  0.0 72.800070329Ｓ．フォーリ5500205   6.8   2.41457468+ 2314                             
0717111111 66.1  1.8  3.1  3.0  2.4  0.0 76.400030182岩田康誠　　5300205   5.5   1.81457458  0221                             
0717111112 64.3  2.1  2.9  3.5  2.2  0.0 75.000010522北村友一　　5300205   5.8   2.01457452+ 4143                             
0717111113 59.0  0.5  0.1  0.0  0.0  0.0 59.610010457酒井学　　　4900205  26.8   5.31457468  0                                
0717111114 65.0  1.4  1.0  1.5  2.3  0.0 71.200010390四位洋文　　5500205   8.5   2.61457466  0535                             
0717111115 62.0  0.4  1.6  0.0  0.0  0.0 64.000010548川須栄彦　　5400205  15.2   4.01457466- 2                                
0717111201 46.0  0.3 -1.0  0.0  0.0  0.0 45.300010419幸英明　　　5600205  52.2   5.71535468- 4                                
0717111202 51.0  1.4  2.2  3.0  2.4  0.0 60.010010491田辺裕信　　5600205   3.5   1.81535530+20233                             
0717111203 42.0  0.1 -1.0  0.0  0.0  0.0 41.100010548川須栄彦　　5400205 115.1  15.11535442- 4                                
0717111204 53.0  0.1 -1.0  0.0  0.0  0.0 52.100010479石神深一　　5700205  85.6   8.91535522+ 2                                
0717111205 50.0  0.4  0.0  0.0  0.0  0.0 50.400010560横山和生　　5400205  20.5   3.11535460-10                                
0717111206 59.0  3.1  3.7  3.5  3.0  0.0 72.310010564菱田裕二　　5400205   3.1   1.11535472- 4121                             
0717111207 58.0  2.2  3.1  2.0  3.6  0.0 68.900010390四位洋文　　5600205   8.2   1.91535516- 6412                             
0717111208 49.0  0.2 -1.0  0.0  0.0  0.0 48.200010578鮫島克駿　　5700205  56.3  10.01535472+ 6                                
0717111209 48.0  0.2 -1.0  0.0  0.0  0.0 47.200010457酒井学　　　5600205 109.3  18.51535550+ 8                                
0717111210 30.0  0.2 -1.0  0.0  0.0  0.0 29.200010568岩崎翼　　　5600205  31.5   6.61535484- 4                                
0717111211 54.0  0.2 -1.0  0.0  2.2  0.0 55.410010519鮫島良太　　5700205  58.5   7.31535482- 2 4                              
0717111212 45.0  0.3 -1.0  0.0  0.0  0.0 44.302010522北村友一　　5500205  28.3   6.91535442- 4                                
0717111213 55.0  0.4  0.0  1.5  0.0  0.0 56.900010460太宰啓介　　5700205  15.4   3.01535520- 25 5                             
0717111214 51.6  1.1  0.4  0.0  0.0  0.0 53.100030182岩田康誠　　5700205  13.7   3.21535540+ 6                                
0717111215 52.0  0.8  1.8  2.5  0.0  0.0 57.100010546松山弘平　　5600205   7.0   2.41535502  03 4                             
0717111216 55.1  0.9  0.7  0.0  0.0  0.0 56.700010573木幡初也　　5700205  18.3   3.41535474  0  6                             
0817140101 14.0  0.2  0.0  0.0  0.0  0.0 14.200010575義英真　　　5501201  73.3   6.70947422+ 2                                
0817140102 29.0  0.2  0.0  0.0  0.0  0.0 29.200010550高倉稜　　　5600201  35.1   3.10947516- 2  4                             
0817140103 34.0  2.0  3.3  3.0  2.2  0.0 44.500010355武豊　　　　5600201   4.7   1.10947450+ 4222                             
0817140104 14.0  0.4  1.3  0.0  0.0  0.0 15.700010583坂井瑠星　　5303201  64.0   5.40947452- 2                                
0817140105 18.0  0.1 -1.0  0.0  0.0  0.0 17.100010569城戸義政　　5402201 201.3  26.50947470+ 2                                
0817140106 31.0  1.3  2.3  2.5  2.1  0.0 39.210010455池添謙一　　5600201  11.1   1.40947466  0333                             
0817140107 23.0  0.2  0.0  0.0  0.0  0.0 23.212010585森裕太朗　　5303201  89.7   7.10947508+ 2                                
0817140108 24.0  0.2 -1.0  0.0  0.0  0.0 23.200010572小崎綾也　　5501201  84.8   7.50947508- 2  6                             
0817140109 23.1  0.6  0.9  2.0  2.0  0.0 28.600010574松若風馬　　5400201  21.6   1.90947420  0445                             
0817140110 14.0  0.2  0.0  0.0  0.0  0.0 14.210010544国分恭介　　5600201  57.2   6.10947456+ 6                                
0817140111 14.0  0.1 -1.0  0.0  0.0  0.0 13.102010553水口優也　　5600201 143.2  17.10947442+ 6                                
0817140112 21.0  0.3  0.0  0.0  0.0  0.0 21.300010451松田大作　　5600201  80.7   7.70947504- 2                                
0817140113 44.0  3.8  4.1  3.5  3.4  0.0 58.800070234Ｃ．ルメール5600201   1.3   1.00947494+ 2111                             
0817140114 14.0  0.7  0.5  1.5  0.0  0.0 16.710010438和田竜二　　5600201  21.6   2.30947482-145                               
0817140201 14.0  0.1 -1.0  0.0  0.0  0.0 13.110010430柴田未崎　　5600201  80.4   8.41020514-14                                
0817140202 28.2  0.5  0.0  0.0  2.1  0.0 30.800010438和田竜二　　5600201  13.5   4.11020476-14 45                             
0817140203 14.0  0.4  0.7  0.0  0.0  0.0 15.100010436古川吉洋　　5600201  22.2   5.01020490+ 8                                
0817140204 14.0  0.4  0.1  0.0  0.0  0.0 14.512010455池添謙一　　5600201  21.8   4.41020436+ 2                                
0817140205 30.0  0.8  3.5  2.0  2.0  0.0 38.300010580荻野極　　　5303201   6.7   1.81020474- 2454                             
0817140206 21.9  0.7  1.9  0.0  0.0  0.0 24.510070334Ｖ．シュミノ5600201  34.0   6.31020484+24                                
0817140207 22.0  0.6  0.9  0.0  0.0  0.0 23.500010535浜中俊　　　5600201  25.2   4.11020488  0                                
0817140208 38.0  3.4  3.4  3.5  2.3  0.0 50.600010435福永祐一　　5600201   2.4   1.11020468- 4121                             
0817140209 23.0  0.1  0.0  0.0  0.0  0.0 23.100010583坂井瑠星　　5303201  88.5  12.81020506+ 2                                
0817140210 14.0  0.2  0.0  1.5  0.0  0.0 15.702010585森裕太朗　　5103201  18.2   3.31020388- 45                               
0817140211 35.2  2.0  3.5  3.0  3.3  0.0 47.010010355武豊　　　　5600201   5.4   1.31020520+14212                             
0817140212 30.1  0.3  0.0  0.0  0.0  0.0 30.400030018小牧太　　　5600201  31.4   5.71020496+ 4  6                             
0817140213 28.0  0.2  0.0  0.0  0.0  0.0 28.200010575義英真　　　5501201  30.3   3.91020478+ 4                                
0817140214 20.0  0.1  0.0  0.0  0.0  0.0 20.102010574松若風馬　　5600201  70.1  15.51020514- 2                                
0817140215 32.0  1.4  1.8  2.5  2.2  0.0 39.900070234Ｃ．ルメール5600201   8.7   2.01020510+10333                             
0817140216 14.0  0.0 -1.0  0.0  0.0  0.0 13.002010553水口優也　　5600201 230.2  28.11020442+10                                
0817140301 16.0  0.1 -1.0  0.0  0.0  0.0 15.100010451松田大作　　5600206 131.9  15.71054474  0                                
0817140302 14.0  0.1 -1.0  0.0  0.0  0.0 13.100010572小崎綾也　　5501206 164.2  28.21054464- 2                                
0817140303 30.1  1.1  2.7  2.5  2.0  0.0 38.400010535浜中俊　　　5600206  10.0   2.11054478  0354                             
0817140304 21.1  0.9  1.5  2.0  0.0  0.0 25.500010508藤岡佑介　　5400206  10.1   2.81054472+184                               
0817140305 14.0  0.3  0.0  0.0  0.0  0.0 14.300010459竹之下智昭　5600206  25.5   4.41054478  0                                
0817140306 35.0  3.4  3.0  3.5  3.3  0.0 48.200070234Ｃ．ルメール5400206   1.8   1.11054442- 2111                             
0817140307 14.0  0.2  0.0  0.0  0.0  0.0 14.210010583坂井瑠星　　5303206  44.2   8.71054436+ 2                                
0817140308 26.0  0.3  0.0  0.0  0.0  0.0 26.310030018小牧太　　　5600206  59.7  10.61054434  0                                
0817140309 32.0  1.1  2.6  1.5  2.2  0.0 39.400010574松若風馬　　5600206   8.6   1.81054476- 4533                             
0817140310 33.0  1.2  0.9  3.0  2.3  0.0 40.400070176Ｍ．デムーロ5600206   9.5   2.31054454- 4222                             
0817140311 16.0  0.2  0.0  0.0  0.0  0.0 16.200010585森裕太朗　　5303206 102.9  11.31054474+ 4                                
0817140312 27.0  0.4  0.0  0.0  0.0  0.0 27.400010545国分優作　　5600206  31.8   4.81054524+ 2                                
0817140313 31.0  1.6  2.7  0.0  2.1  0.0 37.400010435福永祐一　　5400206  11.8   1.81054476+ 2 45                             
0817140314 29.0  0.2  0.0  0.0  0.0  0.0 29.200010355武豊　　　　5600206  18.1   2.81054444  0  6                             
0817140315 14.0  0.1  0.0  0.0  0.0  0.0 14.110010575義英真　　　5501206 292.2  35.11054454+ 2                                
0817140316 15.0  0.1  0.0  0.0  0.0  0.0 15.110010569城戸義政　　5402206 183.0  21.21054412+ 4                                
0817140401 17.5  1.3  0.4  0.0  0.0  0.0 19.200010435福永祐一　　5600201  12.8   2.81120474                                   
0817140402 10.0  0.2 -1.0  0.0  0.0  0.0  9.200010583坂井瑠星　　5303201  72.2  14.11120466                                   
0817140403 24.1  2.6  1.4  2.0  2.2  0.0 32.300010535浜中俊　　　5400201   5.6   1.91120490   432                             
0817140404 10.2  0.2  0.0  0.0  0.0  0.0 10.400010550高倉稜　　　5400201  35.9   6.91120510                                   
0817140405 12.0  0.8  0.0  1.5  0.0  0.0 14.300010574松若風馬　　5600201  10.8   2.61120520   5                               
0817140406 10.0  0.1 -1.0  0.0  0.0  0.0  9.100010575義英真　　　5501201 130.7  27.71120436                                   
0817140407 18.5  0.7  0.5  0.0  0.0  0.0 19.700070334Ｖ．シュミノ5400201  16.3   4.71120512                                   
0817140408 32.2  2.2  2.9  3.5  2.3  0.0 43.100010436古川吉洋　　5600201   4.1   1.81120490   121                             
0817140409 10.0  0.2 -1.0  0.0  2.0  0.0 11.200010585森裕太朗　　5103201  27.2   7.01120478    5                              
0817140410 10.0  0.1 -1.0  0.0  0.0  0.0  9.102010572小崎綾也　　5501201  30.0   7.71120470                                   
0817140411 21.0  0.6  1.1  0.0  0.0  0.0 22.700010579加藤祥太　　5301201  20.2   4.41120472     6                             
0817140412 22.5  1.5  1.2  3.0  3.3  0.0 31.500010438和田竜二　　5600201   5.7   1.61120484   213                             
0817140413 22.1  1.1  1.0  0.0  2.1  0.0 26.300010508藤岡佑介　　5600201  20.9   4.71120434    44                             
0817140414 10.0  0.1 -1.0  0.0  0.0  0.0  9.100010544国分恭介　　5400201  92.9  15.81120440                                   
0817140415 21.1  0.7  1.0  2.5  0.0  0.0 25.302010580荻野極　　　5303201   5.7   2.01120500   3 5                             
0817140416 10.4  0.2  0.0  0.0  0.0  0.0 10.600010553水口優也　　5600201  44.0   7.41120476                                   
0817140501 39.1  1.1  2.0  2.5  0.0  0.0 44.702070176Ｍ．デムーロ5400101   8.7   2.21214472+283 3                             
0817140502 28.0  0.1 -1.0  0.0  0.0  0.0 27.110010574松若風馬　　5400101  27.2   5.81214434+ 6                                
0817140503 27.0  0.1  0.0  0.0  0.0  0.0 27.100010550高倉稜　　　5400101 234.2  40.01214464- 4                                
0817140504 32.0  0.4  0.0  0.0  0.0  0.0 32.400010583坂井瑠星　　5103101  18.0   3.61214446  0                                
0817140505 33.0  0.6  0.4  2.0  2.0  0.0 38.000070334Ｖ．シュミノ5400101  11.5   3.61214424+ 245                              
0817140506 36.2  1.6  0.9  1.5  0.0  0.0 40.200070234Ｃ．ルメール5400101   5.6   1.91214436- 65 6                             
0817140507 20.0  0.1 -1.0  0.0  0.0  0.0 19.100010436古川吉洋　　5400101 167.2  44.61214460+ 2                                
0817140508 36.0  1.4  1.4  0.0  2.1  0.0 40.900010535浜中俊　　　5400101  12.5   2.71214436- 4 45                             
0817140509 36.3  1.5  1.9  3.0  2.3  0.0 45.000010435福永祐一　　5400101   5.4   1.81214434- 2222                             
0817140510 27.0  0.1  0.0  0.0  0.0  0.0 27.110010575義英真　　　5301101  50.3   8.61214466+10                                
0817140511 28.0  0.3 -1.0  0.0  0.0  0.0 27.310030018小牧太　　　5400101  96.6  19.61214442- 8                                
0817140512 37.9  0.9  1.8  0.0  2.2  0.0 42.810010455池添謙一　　5400101   9.8   2.51214446- 2 34                             
0817140513 30.0  0.0  0.0  0.0  0.0  0.0 30.000010545国分優作　　5400101 114.6  16.41214442  0                                
0817140514 32.0  0.3  0.0  0.0  0.0  0.0 32.300010438和田竜二　　5400101  21.8   4.51214470+ 4                                
0817140515 30.8  0.2  0.9  0.0  0.0  0.0 31.900010579加藤祥太　　5301101  43.4   7.81214432+ 2                                
0817140516 38.0  3.0  3.6  3.5  3.3  0.0 51.402010355武豊　　　　5400101   3.3   1.21214474+ 2111                             
0817140601 30.0  0.1 -1.0  0.0  0.0  0.0 29.100010550高倉稜　　　5700201 173.0  20.21242466+ 2                                
0817140602 46.0  0.4  0.0  0.0  0.0  0.0 46.410010544国分恭介　　5700201  20.9   3.51242460  0  6                             
0817140603 42.2  0.9  1.8  3.5  2.1  0.0 50.510030018小牧太　　　5400201   5.1   2.01242514+12144                             
0817140604 43.0  0.4  0.0  0.0  0.0  0.0 43.410010574松若風馬　　5600201  14.4   4.91242460+12                                
0817140605 37.5  0.3  0.0  0.0  0.0  0.0 37.800010508藤岡佑介　　5600201  34.5  10.21242538+ 6                                
0817140606 38.0  0.8  0.0  1.5  0.0  0.0 40.302010580荻野極　　　5403201  12.3   2.81242522- 65                               
0817140607 39.0  0.2  0.0  0.0  0.0  0.0 39.200010579加藤祥太　　5601201  42.8  10.21242466  0                                
0817140608 41.0  0.2 -1.0  0.0  0.0  0.0 40.210010569城戸義政　　5502201  34.5   6.91242476- 2                                
0817140609 54.0  2.6  3.3  3.0  3.3  0.0 66.200010438和田竜二　　5700201   4.7   1.51242478  0211                             
0817140610 37.0  0.4  0.0  0.0  0.0  0.0 37.411010455池添謙一　　5600201  23.2   6.41242516+20                                
0817140611 41.0  0.6  0.0  0.0  0.0  0.0 41.600070334Ｖ．シュミノ5600201  17.0   3.51242504- 4                                
0817140612 48.3  1.9  3.2  2.0  2.2  0.0 57.600010435福永祐一　　5600201   6.2   2.01242482+12433                             
0817140613 51.2  2.5  3.2  2.5  2.3  0.0 61.710070176Ｍ．デムーロ5700201   4.8   1.61242502+10322                             
0817140614 48.0  0.2  0.0  0.0  2.0  0.0 50.200010583坂井瑠星　　5303201  19.0   3.61242514  0 55                             
0817140615 30.0  0.2  0.0  0.0  0.0  0.0 30.202010451松田大作　　5700201  35.7   7.11242522+16                                
0817140616 35.0  0.1 -1.0  0.0  0.0  0.0 34.100010585森裕太朗　　5303201  85.8  15.51242468-10                                
0817140701 47.1  1.1  0.5  2.5  0.0  0.0 51.200010435福永祐一　　5400102   8.4   3.01314400  03 6                             
0817140702 50.0  1.2  2.6  1.5  2.3  0.0 57.600010545国分優作　　5700102   9.7   2.41314408+ 4522                             
0817140703 47.9  2.1  2.7  3.5  2.1  0.0 58.300070234Ｃ．ルメール5600102   4.0   1.81314534+ 2141                             
0817140704 36.7  0.3  0.0  0.0  0.0  0.0 37.010010438和田竜二　　5600102  29.8   6.11314496+16                                
0817140705 40.0  0.4  0.0  0.0  0.0  0.0 40.412070334Ｖ．シュミノ5700102  58.3  10.71314484+ 4                                
0817140706 44.6  0.4  0.0  0.0  0.0  0.0 45.000010574松若風馬　　5400102  16.0   3.41314416+ 6                                
0817140707 46.0  1.8  0.5  3.0  2.0  0.0 53.300010355武豊　　　　5600102   5.5   1.91314474- 2255                             
0817140708 35.0  0.0 -1.0  0.0  0.0  0.0 34.010010553水口優也　　5600102  89.2  26.51314478  0                                
0817140709 47.0  0.7  0.4  0.0  0.0  0.0 48.110010572小崎綾也　　5601102   9.0   2.21314466+ 4 9                              
0817140710 49.0  1.1  1.2  2.0  2.2  0.0 55.510010544国分恭介　　5600102   8.3   2.71314466  0434                             
0817140711 41.0  0.1 -1.0  0.0  0.0  0.0 40.100010436古川吉洋　　5600102  83.7   9.31314484+ 4                                
0817140712 44.0  0.1  0.0  0.0  0.0  0.0 44.102010585森裕太朗　　5203102 131.0  23.11314494  0                                
0817140713 48.0  0.4 -1.0  0.0  0.0  0.0 47.400010455池添謙一　　5400102  27.8   6.31314468+ 4                                
0817140714 45.2  0.4  0.0  0.0  0.0  0.0 45.610010583坂井瑠星　　5103102  14.9   3.71314420+ 6                                
0817140715 35.0  0.1 -1.0  0.0  0.0  0.0 34.100010580荻野極　　　5403102 148.3  28.21314436- 8                                
0817140716 46.3  2.1  4.4  0.0  3.3  0.0 56.100010579加藤祥太　　5501102   8.6   2.61314464+ 4 13                             
0817140801 49.2  0.8  2.0  0.0  2.0  0.0 54.000010355武豊　　　　5500202  10.8   2.41348466+ 6 56                             
0817140802 47.0  0.3  0.0  0.0  0.0  0.0 47.300030018小牧太　　　5400202  34.6   9.01348518+ 4                                
0817140803 48.2  1.2  1.3  0.0  0.0  0.0 50.700010435福永祐一　　5400202  17.4   4.11348458- 2                                
0817140804 31.0  0.0 -1.0  0.0  0.0  0.0 30.000010550高倉稜　　　5500202 140.4  28.41348430+ 2                                
0817140805 47.2  0.2  0.0  0.0  0.0  0.0 47.400010451松田大作　　5400202  39.0   6.81348480- 2                                
0817140806 51.2  1.4  1.9  2.5  2.2  0.0 59.200070334Ｖ．シュミノ5400202  10.2   2.51348460- 2333                             
0817140807 30.0  0.4  0.0  0.0  0.0  0.0 30.400010455池添謙一　　5400202  24.4   6.41348508- 6                                
0817140808 51.0  2.7  3.2  2.0  3.3  0.0 62.210070176Ｍ．デムーロ5400202   3.5   1.31348458- 6412                             
0817140809 53.0  1.7  2.8  3.0  2.3  0.0 62.810010438和田竜二　　5500202   6.6   1.91348480+ 2221                             
0817140810 45.0  0.3 -1.0  0.0  0.0  0.0 44.300010508藤岡佑介　　5400202  89.3  15.51348416+ 2                                
0817140811 38.0  0.1 -1.0  0.0  0.0  0.0 37.100010544国分恭介　　5400202 190.3  22.71348468- 2                                
0817140812 48.0  0.4  0.0  0.0  0.0  0.0 48.400010579加藤祥太　　5401202  35.8   5.91348458  0                                
0817140813 52.0  0.9  1.5  1.5  0.0  0.0 55.902010580荻野極　　　5203202   8.0   2.31348516- 25 5                             
0817140814 42.0  0.2 -1.0  0.0  0.0  0.0 41.210010532荻野琢真　　5400202  28.8   5.81348492+ 4                                
0817140815 45.0  0.4  0.0  0.0  0.0  0.0 45.400010583坂井瑠星　　5103202  21.4   5.21348450+ 6                                
0817140816 49.0  0.6  1.5  3.5  2.1  0.0 56.700010574松若風馬　　5400202   4.5   1.71348434+ 4144                             
0817140901 40.0  0.4  0.0  0.0  2.1  0.0 42.500010438和田竜二　　5600102  32.0   4.61418454+ 2 4                              
0817140902 42.0  1.1  1.9  2.5  2.2  0.0 49.700010435福永祐一　　5600102  11.4   1.51418460+ 8333                             
0817140903 43.0  0.9  1.5  0.0  0.0  0.0 45.410010583坂井瑠星　　5400102  10.8   1.81418442+ 2  4                             
0817140904 40.2  1.8  1.0  1.5  0.0  0.0 44.500010535浜中俊　　　5600102  11.4   2.11418480+ 25 6                             
0817140905 48.0  3.2  4.1  3.5  3.3  0.0 62.102010355武豊　　　　5600102   1.8   1.11418474  0111                             
0817140906 38.0  0.2 -1.0  0.0  0.0  0.0 37.202010550高倉稜　　　5600102  51.1   8.61418452- 4                                
0817140907 38.0  0.4  0.0  0.0  0.0  0.0 38.400010574松若風馬　　5400102  37.2   6.41418458  0                                
0817140908 42.5  0.7  0.0  2.0  0.0  0.0 45.200070334Ｖ．シュミノ5600102  15.2   2.41418464+244 5                             
0817140909 41.0  0.9  0.5  0.0  0.0  0.0 42.400070234Ｃ．ルメール5600102  21.1   3.21418454- 6                                
0817140910 44.2  2.3  3.1  3.0  2.3  0.0 54.900070176Ｍ．デムーロ5400102   4.1   1.21418430- 4222                             
0817141001 56.2  1.6  1.7  2.0  2.2  0.0 63.700070234Ｃ．ルメール5400102   7.6   1.71443424- 4434                             
0817141002 52.0  0.3 -1.0  0.0  0.0  0.0 51.300030018小牧太　　　5500102  66.7   8.71443428- 4                                
0817141003 47.0  0.1 -1.0  0.0  0.0  0.0 46.100010545国分優作　　5500102 321.8  32.01443456  0                                
0817141004 47.0  0.2  0.0  0.0  0.0  0.0 47.200010544国分恭介　　5500102 101.0  13.21443428+12                                
0817141005 52.0  0.3  0.0  0.0  0.0  0.0 52.300010451松田大作　　5500102  58.1   4.91443486- 2                                
0817141006 53.0  0.4  0.4  0.0  0.0  0.0 53.800010455池添謙一　　5400102  27.2   4.41443498+ 4                                
0817141007 57.0  2.2  2.7  3.5  2.3  0.0 67.700010355武豊　　　　5400102   3.1   1.21443494- 2122                             
0817141008 55.0  0.2  0.0  0.0  0.0  0.0 55.200010574松若風馬　　5500102  39.3   5.41443444  0                                
0817141009 56.1  0.6  0.6  0.0  0.0  0.0 57.302070334Ｖ．シュミノ5500102  21.1   3.01443444+ 2                                
0817141010 56.0  0.4  0.0  0.0  2.1  0.0 58.500010438和田竜二　　5500102  16.0   3.31443402- 2 46                             
0817141011 58.0  1.6  2.6  1.5  2.0  0.0 65.703070176Ｍ．デムーロ5400102   9.3   1.81443520+ 2553                             
0817141012 59.0  3.1  3.6  3.0  3.3  0.0 72.000010435福永祐一　　5400102   2.6   1.11443426+ 2211                             
0817141013 54.0  0.8  1.2  2.5  0.0  0.0 58.500010508藤岡佑介　　5500102  10.2   2.41443450+143 5                             
0817141101 58.3  0.8  2.1  1.5  2.1  0.0 64.800070234Ｃ．ルメール5700102   7.1   2.11526488  0545                             
0817141102 58.0  0.3  0.0  0.0  0.0  0.0 58.302010508藤岡佑介　　5500102  69.0   7.31526490+ 4                                
0817141103 62.0  2.5  2.2  3.5  3.3  0.0 73.500010355武豊　　　　5600102   3.5   1.21526464+ 2112                             
0817141104 47.0  0.1  0.0  0.0  0.0  0.0 47.102010579加藤祥太　　5700102 141.2  20.31526540+ 6                                
0817141105 57.0  0.3  0.0  0.0  0.0  0.0 57.310010446秋山真一郎　5700102  84.9  15.51526470- 6                                
0817141106 63.4  2.6  3.7  3.0  2.2  0.0 74.901070176Ｍ．デムーロ5400102   3.7   1.41526450- 2231                             
0817141107 61.0  0.6  0.4  0.0  0.0  0.0 62.010010574松若風馬　　5600102  16.7   3.51526512+ 4                                
0817141108 54.0  0.1 -1.0  0.0  0.0  0.0 53.110010575義英真　　　5500102  89.9  17.71526460+ 2                                
0817141109 60.2  1.6  2.7  2.5  2.3  0.0 69.300010535浜中俊　　　5700102   7.6   1.81526474  0323                             
0817141110 60.0  0.8  1.4  2.0  0.0  0.0 64.200010438和田竜二　　5700102  10.2   2.31526536+ 64 6                             
0817141111 61.2  1.5  1.4  0.0  2.0  0.0 66.100010435福永祐一　　5700102   7.8   2.11526478  0 54                             
0817141112 50.0  0.3 -1.0  0.0  0.0  0.0 49.300030018小牧太　　　5700102  77.8  14.71526484+ 6                                
0817141113 58.0  0.6  0.6  0.0  0.0  0.0 59.200070334Ｖ．シュミノ5700102  20.0   4.11526480- 4                                
0817141114 56.0  0.4  0.0  0.0  0.0  0.0 56.400010455池添謙一　　5500102  24.3   5.31526474- 4                                
0817141201 41.8  0.1 -1.0  0.0  0.0  0.0 40.900010585森裕太朗　　5403202  58.1  12.71558486-10                                
0817141202 52.0  1.3  1.5  3.0  2.1  0.0 59.900070234Ｃ．ルメール5700202   5.0   1.91558484+10244                             
0817141203 59.3  1.9  2.5  2.0  3.3  0.0 69.000010435福永祐一　　5400202   5.6   1.91558522- 4412                             
0817141204 54.1  1.0  0.0  2.5  0.0  0.0 57.610010446秋山真一郎　5400202   7.1   2.41558528-12396                             
0817141205 42.1  0.2  0.0  0.0  0.0  0.0 42.300070334Ｖ．シュミノ5500202  61.5  10.81558472+ 8                                
0817141206 45.8  0.1 -1.0  0.0  0.0  0.0 44.902010544国分恭介　　5700202  78.4  13.01558502  0                                
0817141207 40.3  0.2  0.0  0.0  0.0  0.0 40.500010436古川吉洋　　5400202  58.7  14.21558458-16                                
0817141208 50.0  0.4  0.0  0.0  0.0  0.0 50.400010580荻野極　　　5103202  14.8   3.91558518  0                                
0817141209 59.0  1.9  2.5  1.5  2.2  0.0 67.102010535浜中俊　　　5500202   6.6   2.21558504- 2533                             
0817141210 46.2  0.1 -1.0  0.0  0.0  0.0 45.310010569城戸義政　　5502202  72.1  14.51558528+10                                
0817141211 49.0  0.7  1.0  0.0  0.0  0.0 50.700010583坂井瑠星　　5203202  13.5   3.31558496-10                                
0817141212 55.0  0.8  0.9  0.0  2.0  0.0 58.700010508藤岡佑介　　5600202  10.8   2.91558476- 6 55                             
0817141213 52.4  0.1  0.0  0.0  0.0  0.0 52.500010572小崎綾也　　5601202  42.7   7.01558482+10                                
0817141214 51.0  0.2  0.0  0.0  0.0  0.0 51.200010545国分優作　　5700202  50.5   6.31558484+ 2                                
0817141215 56.2  3.0  4.2  3.5  2.3  0.0 69.200030018小牧太　　　5400202   4.8   1.61558486+ 6121                             
0817141216 49.0  0.3 -1.0  0.0  0.0  0.0 48.300010438和田竜二　　5400202  42.1   8.21558434+ 2                                
