0617120101 20.0  0.2  0.0  0.0  0.0  0.0 20.212010507津村明秀　　5400101  79.1  15.30934480+ 4                                
0617120102 33.0  0.9  1.6  0.0  0.0  0.0 35.500010547丸山元気　　5400101  12.0   3.00934436+ 4                                
0617120103 36.0  1.3  2.1  2.5  2.3  0.0 44.202010465二本柳壮　　5400101   7.4   1.70934466- 2343                             
0617120104 30.0  0.6  0.0  0.0  0.0  0.0 30.600030113内田博幸　　5400101  14.5   5.10934442+ 2 9                              
0617120105 28.0  0.2 -1.0  0.0  0.0  0.0 27.210010375江田照男　　5400101 117.9  21.30934420+ 2                                
0617120106 19.0  0.3  0.0  0.0  0.0  0.0 19.310010429柴田大知　　5400101  28.2   8.80934468+12                                
0617120107 15.0  0.1 -1.0  0.0  0.0  0.0 14.110010551西村太一　　5400101 196.0  48.10934406- 2                                
0617120108 29.0  0.1 -1.0  0.0  0.0  0.0 28.102010577野中悠太郎　5103101  58.8  12.70934436- 2                                
0617120109 35.0  1.0  2.8  0.0  2.2  0.0 41.010030378柴山雄一　　5400101   9.7   2.80934416  0 54                             
0617120110 35.9  1.5  2.9  3.0  3.4  0.0 46.700010339横山典弘　　5400101   6.2   2.00934446+12222                             
0617120111 31.1  0.7  0.0  0.0  2.4  0.0 34.210010462北村宏司　　5400101  23.3   5.20934462- 4 3                              
0617120112 37.0  2.4  2.9  3.5  3.6  0.0 49.410010349蛯名正義　　5400101   3.3   1.40934450  0111                             
0617120113 34.0  0.9  0.9  1.5  0.0  0.0 37.312010573木幡初也　　5202101  11.1   2.60934444- 25 6                             
0617120114 34.1  1.4  2.6  2.0  0.0  0.0 40.110010582木幡巧也　　5202101   8.7   2.10934448+ 44 5                             
0617120115 10.0  0.1 -1.0  0.0  0.0  0.0  9.110010581菊沢一樹　　5103101 201.7  67.20934420- 8                                
0617120116 31.0  0.3 -1.0  0.0  0.0  0.0 30.300010442勝浦正樹　　5400101  14.1   3.10934460+ 4                                
0617120201 36.0  3.4  4.1  3.5  3.3  0.0 50.302030468戸崎圭太　　5600101   1.2   1.01006514- 4121                             
0617120202 18.0  0.2 -1.0  0.0  0.0  0.0 17.200030113内田博幸　　5600101 216.4  20.11006444+ 2                                
0617120203 32.1  1.8  2.8  3.0  2.4  0.0 42.110010416吉田豊　　　5600101   9.3   1.31006470+ 2243                             
0617120204 30.0  0.7  0.8  0.0  0.0  0.0 31.500030378柴山雄一　　5600101  30.8   4.01006488+ 4                                
0617120205 22.0  0.2  0.0  0.0  0.0  0.0 22.200010584藤田菜七子　5303101  63.6   5.51006468+ 2                                
0617120206 10.0  0.1  0.0  0.0  0.0  0.0 10.100010412岩部純二　　5400101 223.2  34.31006414-14                                
0617120207 20.0  0.4 -1.0  0.0  0.0  0.0 19.400010339横山典弘　　5600101  44.6   6.11006482+ 6                                
0617120208 21.0  0.1 -1.0  0.0  0.0  0.0 20.102010571井上敏樹　　5402101 216.4  25.31006480  0                                
0617120209 32.0  0.4  1.3  0.0  2.3  0.0 36.002010471嘉藤貴行　　5600101  39.0   2.61006520+ 4 56                             
0617120210 31.0  0.9  2.8  1.5  3.0  0.0 39.210010577野中悠太郎　5303101  24.5   2.21006490- 2534                             
0617120211 23.0  0.2  0.0  0.0  0.0  0.0 23.210010313木幡初広　　5600101 155.5  14.41006500+ 6                                
0617120212 19.0  0.2 -1.0  0.0  0.0  0.0 18.200010507津村明秀　　5600101 230.4  15.01006464  0                                
0617120213 22.0  0.2 -1.0  0.0  0.0  0.0 21.200010500松岡正海　　5400101 182.0  12.71006430  0                                
0617120214 33.1  0.4  2.6  2.0  0.0  0.0 38.100010429柴田大知　　5600101  23.7   2.41006468+ 44 5                             
0617120215 20.0  0.3  0.0  0.0  0.0  0.0 20.312010442勝浦正樹　　5600101 127.5  10.61006454+10                                
0617120216 35.3  1.4  2.8  2.5  3.6  0.0 45.600010560横山和生　　5600101   8.9   1.41006454+30312                             
0617120301 28.0  0.7  0.0  0.0  0.0  0.0 28.700010560横山和生　　5400101  15.2   4.11035434- 4                                
0617120302 33.1  1.3  0.9  3.0  2.4  0.0 40.702010555杉原誠人　　5600101   6.2   2.61035472+ 8223                             
0617120303 26.0  0.1 -1.0  0.0  0.0  0.0 25.102010567伴啓太　　　5202101  43.5   6.71035438  0                                
0617120304 26.0  0.1 -1.0  0.0  0.0  0.0 25.112010562長岡禎仁　　5301101 101.9  15.91035420- 6                                
0617120305 27.8  0.7  0.6  0.0  2.2  0.0 31.310010442勝浦正樹　　5600101  15.7   4.81035474+ 2 45                             
0617120306 29.0  0.4  0.0  0.0  0.0  0.0 29.402010537丸田恭介　　5600101  20.7   4.71035472- 2                                
0617120307 26.0  0.8  0.0  0.0  0.0  0.0 26.800010500松岡正海　　5400101  11.1   2.71035460+ 4                                
0617120308 19.3  1.0  0.6  0.0  0.0  0.0 20.900010313木幡初広　　5400101  15.0   3.01035456+14 9                              
0617120309 33.0  0.8  0.2  2.0  0.0  0.0 36.000010516大野拓弥　　5600101  10.3   2.01035476+ 8494                             
0617120310 26.0  0.9  0.0  1.5  0.0  0.0 28.400010491田辺裕信　　5400101   8.2   3.21035428+ 65                               
0617120311 36.0  2.4  3.3  2.5  3.6  0.0 47.800010471嘉藤貴行　　5600101   5.1   1.91035478- 8311                             
0617120312 19.0  0.1 -1.0  0.0  0.0  0.0 18.100010577野中悠太郎　5303101 117.3  19.91035436- 6                                
0617120313 10.0  0.1 -1.0  0.0  0.0  0.0  9.100010510吉田隼人　　5600101 162.4  34.31035472+ 8                                
0617120314 20.0  0.2 -1.0  0.0  0.0  0.0 19.200010573木幡初也　　5202101  57.8  11.01035426  0                                
0617120315 31.0  2.1  2.3  3.5  2.3  0.0 41.210010416吉田豊　　　5600101   4.5   1.81035452-10132                             
0617120316 30.0  1.0 -1.0  0.0  0.0  0.0 30.002010563原田和真　　5202101  17.2   4.51035440+ 4  6                             
0617120401 13.0  0.3  0.0  0.0  0.0  0.0 13.300010442勝浦正樹　　5400101  31.2   5.81111462                                   
0617120402 15.6  0.9  0.0  1.5  0.0  0.0 18.000010581菊沢一樹　　5103101  14.8   2.51111450   5 6                             
0617120403 35.0  2.6  3.2  3.5  3.4  0.0 47.700030468戸崎圭太　　5400101   2.5   1.31111454   111                             
0617120404 11.4  0.7 -1.0  2.5  0.0  0.0 13.600030113内田博幸　　5400101   9.4   2.31111468   3                               
0617120405 10.8  0.3 -1.0  0.0  0.0  0.0 10.100010517小島太一　　5400101  46.6   6.31111466                                   
0617120406 19.0  0.2  0.4  0.0  0.0  0.0 19.603010577野中悠太郎　5103101  38.0   7.31111464     5                             
0617120407 11.0  0.4  0.0  0.0  0.0  0.0 11.402010507津村明秀　　5400101  30.9   5.91111478                                   
0617120408 12.1  0.2  0.0  0.0  0.0  0.0 12.300010349蛯名正義　　5400101  25.4   5.21111442                                   
0617120409 10.1  0.1  0.0  0.0  0.0  0.0 10.200010471嘉藤貴行　　5400101  70.5  12.81111452                                   
0617120410 10.0  0.2 -1.0  0.0  0.0  0.0  9.200010375江田照男　　5400101  60.4  11.11111442                                   
0617120411 15.3  0.8  0.0  0.0  0.0  0.0 16.100010497石橋脩　　　5400101  14.6   2.81111470                                   
0617120412 26.0  1.3  1.9  2.0  2.2  0.0 33.400010582木幡巧也　　5202101   8.6   2.01111490   433                             
0617120413 12.1  0.8  0.0  0.0  0.0  0.0 12.900010570石川裕紀人　5301101  21.1   5.41111450                                   
0617120414 29.0  1.7  2.3  3.0  2.3  0.0 38.300010516大野拓弥　　5400101   5.0   1.61111426   222                             
0617120415 18.4  0.8  0.6  0.0  0.0  0.0 19.802030378柴山雄一　　5400101  20.4   4.51111428     4                             
0617120416 10.3  0.1 -1.0  0.0  0.0  0.0  9.400010562長岡禎仁　　5301101  45.2  10.51111464                                   
0617120501 37.4  0.3  0.0  3.5  2.4  0.0 43.612010465二本柳壮　　5600101   6.1   2.41158474+ 2134                             
0617120502 36.0  0.9  1.5  2.0  2.2  0.0 42.610010570石川裕紀人　5501101   9.6   3.01158430- 2455                             
0617120503 34.0  1.0  1.8  0.0  2.3  0.0 39.100010516大野拓弥　　5600101  14.0   2.71158444+ 2 46                             
0617120504 37.0  0.4  0.0  0.0  0.0  0.0 37.402010510吉田隼人　　5600101  18.2   4.91158490- 4                                
0617120505 39.1  2.1  2.6  0.0  3.6  0.0 47.400030113内田博幸　　5600101   6.1   2.31158492+ 8 12                             
0617120506 38.0  1.4  1.1  3.0  3.2  0.0 46.702030378柴山雄一　　5600101   7.9   2.11158450+ 4223                             
0617120507 37.3  0.3  1.1  0.0  0.0  0.0 38.702010528的場勇人　　5400101  27.9   6.01158466+14                                
0617120508 37.2  0.2  0.0  0.0  0.0  0.0 37.400010442勝浦正樹　　5400101  41.8  11.91158408- 4                                
0617120509 33.0  0.1 -1.0  0.0  0.0  0.0 32.100010444武士沢友治　5400101  98.1  25.01158454+ 4                                
0617120510 37.1  0.4  0.0  1.5  0.0  0.0 39.010010429柴田大知　　5600101  18.1   5.21158430+ 85                               
0617120511 33.0  0.5  0.8  0.0  0.0  0.0 34.300010462北村宏司　　5400101  19.9   4.91158446+ 6                                
0617120512 35.0  0.6  0.2  0.0  0.0  0.0 35.802010500松岡正海　　5600101  14.1   3.61158436  0                                
0617120513 34.0  0.7  0.4  0.0  0.0  0.0 35.100010339横山典弘　　5400101  15.3   5.01158432+ 6                                
0617120514 36.0  0.2  0.0  0.0  0.0  0.0 36.212010349蛯名正義　　5400101  32.2  11.11158494- 8                                
0617120515 35.0  0.6  2.1  0.0  0.0  0.0 37.702010416吉田豊　　　5600101  13.1   4.61158476+ 2                                
0617120516 39.0  2.2  3.7  2.5  2.1  0.0 49.500010507津村明秀　　5400101   6.5   2.01158450- 4361                             
0617120601 45.3  1.3  0.7  2.5  0.0  0.0 49.802010491田辺裕信　　5700101  10.1   2.21228538+ 83 4                             
0617120602 45.2  0.6  0.7  0.0  3.6  0.0 50.100010500松岡正海　　5700101  26.1   5.31228486- 2 13                             
0617120603 30.0  0.6  0.0  0.0  0.0  0.0 30.602030378柴山雄一　　5600101  10.8   3.01228532+21                                
0617120604 40.0  1.5  1.2  3.0  0.0  0.0 45.710010339横山典弘　　5700101   6.1   1.81228502+ 42                               
0617120605 45.4  1.7  2.2  0.0  0.0  0.0 49.302010375江田照男　　5600101  11.9   1.91228514+ 2  5                             
0617120606 41.7  0.8  0.5  0.0  2.3  0.0 45.300010497石橋脩　　　5600101  16.7   3.11228494+18 4                              
0617120607 45.0  0.9  0.9  2.0  2.4  0.0 51.202010442勝浦正樹　　5600101  10.3   2.41228488+ 6432                             
0617120608 48.0  2.3  3.3  3.5  3.3  0.0 60.402010582木幡巧也　　5502101   2.3   1.21228542  0121                             
0617120609 45.1  1.1  0.0  1.5  0.0  0.0 47.700010577野中悠太郎　5303101  10.0   2.81228454+ 25 6                             
0617120610 43.7  1.4  2.3  0.0  0.0  0.0 47.412030113内田博幸　　5700101  14.6   3.51228480+18                                
0617120611 33.0  0.2 -1.0  0.0  0.0  0.0 32.212010581菊沢一樹　　5203101  82.9  11.41228458+ 4                                
0617120612 36.0  0.1 -1.0  0.0  0.0  0.0 35.100010563原田和真　　5502101  61.7  12.91228468- 2                                
0617120701 47.0  0.1 -1.0  0.0  0.0  0.0 46.100010562長岡禎仁　　5601101 148.1  39.51256500+ 4                                
0617120702 58.9  2.3  3.6  3.5  2.2  0.0 70.512030468戸崎圭太　　5700101   4.3   1.71256524+ 8151                             
0617120703 53.0  0.1  0.0  0.0  0.0  0.0 53.100010573木幡初也　　5202101  91.4  24.01256500+ 8                                
0617120704 58.1  3.0  3.7  2.0  3.6  0.0 70.400010462北村宏司　　5700101   6.2   1.61256492- 4412                             
0617120705 48.0  0.5  0.3  0.0  0.0  0.0 48.800010516大野拓弥　　5700101  32.6   8.71256488  0                                
0617120706 57.2  0.9  2.8  0.0  3.4  0.0 64.300010491田辺裕信　　5700101  14.7   3.91256494+ 6 24                             
0617120707 53.0  0.5  1.4  0.0  2.3  0.0 57.200010324柴田善臣　　5600101  14.7   4.31256478+10 4                              
0617120708 57.1  1.5  2.9  3.0  2.1  0.0 66.610010444武士沢友治　5700101   6.6   1.91256550  0263                             
0617120709 48.0  0.2 -1.0  0.0  0.0  0.0 47.200010582木幡巧也　　5302101  78.4  16.31256490+10                                
0617120710 58.0  0.4  0.8  1.5  0.0  0.0 60.700010563原田和真　　5502101  13.6   4.61256480+ 45 5                             
0617120711 57.0  0.9  1.1  0.0  0.0  0.0 59.002010339横山典弘　　5700101  13.2   3.71256512+ 8  6                             
0617120712 50.0  0.0  0.0  0.0  0.0  0.0 50.002010560横山和生　　5700101  33.7   7.71256486+10                                
0617120713 53.2  0.9  1.2  2.5  0.0  0.0 57.800030378柴山雄一　　5400101   5.5   1.81256476+ 23                               
0617120714 52.0  0.3  0.0  0.0  0.0  0.0 52.302010442勝浦正樹　　5600101  26.3   4.61256462- 6                                
0617120715 54.0  0.2  0.0  0.0  2.4  0.0 56.610010349蛯名正義　　5500101  18.9   5.21256486+ 8 3                              
0617120716 56.0  0.6  0.3  0.0  0.0  0.0 56.902010577野中悠太郎　5403101  15.4   3.91256486- 2                                
0617120801 18.1  0.5  1.0  0.0  0.0  0.0 19.600010343熊沢重文　　6100101  12.2   3.31326512+14                                
0617120802 19.0  0.8  0.8  0.0  0.0  0.0 20.610010458白浜雄造　　6000101  18.0   3.41326478- 6  6                             
0617120803 18.0  0.7  0.2  0.0  0.0  0.0 18.900010380北沢伸也　　6200101  21.1   5.11326486-14                                
0617120804 15.0  0.3 -1.0  0.0  0.0  0.0 14.302010540大江原圭　　5900101  56.6  12.11326482+ 2                                
0617120805 22.0  0.4  0.7  1.5  2.3  0.0 26.900010378浜野谷憲尚　6200101   9.1   1.91326472+ 2535                             
0617120806 17.0  0.3  0.0  0.0  0.0  0.0 17.300010511上野翔　　　6000101  38.6   6.31326504+22                                
0617120807 21.0  1.8  3.6  3.5  3.6  0.0 33.510010427西谷誠　　　6000101   4.4   1.81326492-10112                             
0617120808 16.0  0.3  0.0  0.0  0.0  0.0 16.300010488蓑島靖典　　6000101  54.7  11.81326448+ 2                                
0617120809 16.0  0.7  0.0  0.0  0.0  0.0 16.702010481大庭和弥　　5800101  14.8   3.01326476+ 2                                
0617120810 20.1  2.5  4.1  2.5  2.2  0.0 31.400010345林満明　　　6100101   4.8   1.81326524- 4343                             
0617120811 24.0  2.5  2.5  3.0  2.4  0.0 34.400010489五十嵐雄祐　6000101   3.7   1.31326508+ 4221                             
0617120812 20.0  1.6  3.6  2.0  2.1  0.0 29.302010479石神深一　　6100101   7.9   2.01326450- 2454                             
0617120901 43.0  0.3  0.0  0.0  0.0  0.0 43.302010416吉田豊　　　5600101  23.4   3.71403448+ 4                                
0617120902 43.1  0.6  0.8  0.0  0.0  0.0 44.500010516大野拓弥　　5600101  28.7   4.31403468+12                                
0617120903 45.0  1.6  0.3  2.0  2.2  0.0 51.100010429柴田大知　　5600101   8.0   1.61403430- 2443                             
0617120904 39.8  1.2  1.8  2.5  2.4  0.0 47.712010507津村明秀　　5600101   6.1   1.61403458- 4326                             
0617120905 42.0  3.1  3.8  3.5  2.0  0.0 54.400010491田辺裕信　　5400101   2.4   1.11403480- 2162                             
0617120906 43.2  1.0  1.4  0.0  3.5  0.0 49.110010510吉田隼人　　5400101  17.6   3.01403508- 2 15                             
0617120907 46.0  1.8  1.3  3.0  2.3  0.0 54.400030468戸崎圭太　　5600101   3.9   1.31403436  0231                             
0617120908 44.0  1.4  1.3  1.5  2.1  0.0 50.302030113内田博幸　　5600101   7.1   1.71403524- 4554                             
0617120909 39.0  0.2  0.0  0.0  0.0  0.0 39.200010547丸山元気　　5400101  44.0   6.41403462  0                                
0617121001 57.0  0.3  0.0  0.0  0.0  0.0 57.300010368田中勝春　　5700101  24.4   3.81441502- 4                                
0617121002 58.0  1.0  1.6  2.0  3.0  0.0 65.610030468戸崎圭太　　5700101  11.3   2.11441482- 4434                             
0617121003 59.9  2.6  2.6  3.0  3.4  0.0 71.502030113内田博幸　　5600101   3.4   1.31441502+16222                             
0617121004 61.1  1.0  0.3  0.0  2.4  0.0 64.800030378柴山雄一　　5700101  10.2   2.21441494+12 45                             
0617121005 58.1  1.5  1.7  0.0  2.3  0.0 63.600010462北村宏司　　5700101  15.4   2.71441504+ 8 56                             
0617121006 60.2  2.0  2.9  2.5  2.2  0.0 69.800010491田辺裕信　　5700101   7.8   1.61441474+ 2363                             
0617121007 61.0  2.6  5.5  3.5  3.6  0.0 76.200010349蛯名正義　　5700101   2.3   1.11441514+ 6111                             
0617121008 60.1  0.4 -1.0  1.5  0.0  0.0 61.000010500松岡正海　　5500101  20.6   3.11441442+ 25                               
0617121009 60.0  0.2 -1.0  0.0  0.0  0.0 59.200010375江田照男　　5700101  65.2   9.51441522+ 8                                
0617121010 58.1  0.2  0.0  0.0  0.0  0.0 58.300010324柴田善臣　　5500101  20.4   3.21441524+ 8                                
0617121011 49.0  0.3 -1.0  0.0  0.0  0.0 48.300010516大野拓弥　　5700101 100.5  13.21441502- 6                                
0617121101 66.1  0.3  1.2  1.5  2.4  0.0 71.500010368田中勝春　　5600101  14.1   2.91515474- 2525                             
0617121102 65.1  2.3  4.5  3.0  2.2  0.0 77.100030468戸崎圭太　　5500101   3.4   1.31515518+ 6243                             
0617121103 56.0  0.2  0.0  0.0  0.0  0.0 56.200010416吉田豊　　　5600101  69.2  10.81515516+ 2 9                              
0617121104 68.0  0.6  1.7  0.0  2.0  0.0 72.310010500松岡正海　　5600101  11.1   2.91515488+ 2 64                             
0617121105 68.1  1.5  3.0  3.5  3.6  0.0 79.700010516大野拓弥　　5600101   4.3   1.41515532+ 2111                             
0617121106 69.0  0.5  1.0  0.0  0.0  0.0 70.500010510吉田隼人　　5700101  17.4   4.11515478+ 4                                
0617121107 65.3  0.7  1.0  0.0  2.1  0.0 69.103010444武士沢友治　5800101  14.5   3.11515510+ 2 5                              
0617121108 68.9  1.8  2.7  2.5  2.3  0.0 78.200030113内田博幸　　5600101   4.9   1.61515538+12332                             
0617121109 52.0  0.2 -1.0  0.0  0.0  0.0 51.200010507津村明秀　　5500101 155.0  25.51515526+21                                
0617121110 62.0  0.4  0.0  0.0  0.0  0.0 62.410010497石橋脩　　　5300101  33.8   5.41515500+ 6                                
0617121111 57.0  0.2 -1.0  0.0  0.0  0.0 56.202010570石川裕紀人　5400101 153.1  24.11515484+ 7                                
0617121112 60.0  1.3  1.6  0.0  0.0  0.0 62.900010491田辺裕信　　5500101  20.1   4.11515484+ 5                                
0617121113 63.0  0.2  0.0  0.0  0.0  0.0 63.200010349蛯名正義　　5600101  69.0   9.91515522- 6                                
0617121114 66.0  1.6  1.6  2.0  0.0  0.0 71.203030378柴山雄一　　5800101   8.6   2.31515566+ 44 6                             
0617121201 54.1  0.9  2.3  2.5  2.3  0.0 62.100010510吉田隼人　　5500101   6.4   1.81553464+ 4343                             
0617121202 46.0  0.2 -1.0  0.0  0.0  0.0 45.200010567伴啓太　　　5502101  62.9   8.21553502+ 8                                
0617121203 38.7  0.1 -1.0  0.0  0.0  0.0 37.810010538宮崎北斗　　5500101 145.0  26.01553486+ 2                                
0617121204 55.0  1.8  2.9  3.0  3.6  0.0 66.300030113内田博幸　　5600101   4.9   1.51553482+ 6211                             
0617121205 50.0  2.4  3.2  3.5  0.0  0.0 59.110010491田辺裕信　　5400101   2.9   1.51553440- 4195                             
0617121206 40.0  0.2  0.0  0.0  0.0  0.0 40.200010507津村明秀　　5700101 156.5  22.01553454  0                                
0617121207 53.1  0.2  0.4  0.0  0.0  0.0 53.702010324柴田善臣　　5400101 127.5  19.91553454- 2                                
0617121208 45.0  0.1 -1.0  0.0  0.0  0.0 44.102010577野中悠太郎　5203101  85.3  13.61553488- 7                                
0617121209 49.0  0.4 -1.0  0.0  0.0  0.0 48.413010570石川裕紀人　5501101  48.0   9.71553462+ 8                                
0617121210 54.0  0.8  2.0  2.0  3.4  0.0 62.200010429柴田大知　　5700101   8.2   2.31553494- 4422                             
0617121211 47.0  0.4  1.3  0.0  0.0  0.0 48.700010582木幡巧也　　5202101  28.3   5.11553490+ 5                                
0617121212 48.9  0.9  0.1  0.0  0.0  0.0 49.901030468戸崎圭太　　5500101  15.9   4.71553442+ 6                                
0617121213 54.2  1.2  2.1  1.5  2.4  0.0 61.400030378柴山雄一　　5700101   9.6   2.31553510+ 6534                             
0617121214 51.0  1.2  3.3  0.0  2.1  0.0 57.600010516大野拓弥　　5700101  12.9   2.61553444+ 2 66                             
0617121215 52.0  1.1  2.0  0.0  0.0  0.0 55.112010537丸田恭介　　5700101  17.9   3.61553498+ 6                                
0617121216 53.0  0.5  0.0  0.0  2.2  0.0 55.700010462北村宏司　　5600101  29.9   5.11553458+ 4 5                              
0817120101 17.0  0.3 -1.0  0.0  0.0  0.0 16.312030018小牧太　　　5600101  96.1  15.60948482- 2                                
0817120102 14.0  0.1 -1.0  0.0  0.0  0.0 13.100010585森裕太朗　　5303101 154.4  20.30948432+ 2                                
0817120103 32.0  0.4  0.2  0.0  2.0  0.0 34.610010536藤岡康太　　5600101  17.8   3.20948476+ 4 54                             
0817120104 28.0  0.3  0.2  0.0  2.2  0.0 30.710010449武幸四郎　　5600101  19.3   3.60948490- 2 36                             
0817120105 20.0  0.1 -1.0  0.0  0.0  0.0 19.100010574松若風馬　　5600101  48.1   8.40948444- 2                                
0817120106 18.0  0.6  0.0  1.5  0.0  0.0 20.100010508藤岡佑介　　5600101  14.6   2.70948482+ 25                               
0817120107 18.0  0.1 -1.0  0.0  0.0  0.0 17.102010575義英真　　　5501101  92.2  15.10948492+14                                
0817120108 18.0  1.5  1.3  0.0  0.0  0.0 20.810010452中谷雄太　　5400101  11.8   2.50948484- 6 9                              
0817120109 44.0  3.0  4.2  3.5  3.3  0.0 58.000010419幸英明　　　5600101   2.1   1.10948482  0111                             
0817120110 31.0  0.4  0.0  0.0  0.0  0.0 31.400010519鮫島良太　　5600101  29.5   4.70948470- 8  5                             
0817120111 14.0  0.6  0.0  0.0  0.0  0.0 14.610070334Ｖ．シュミノ5600101  19.6   4.50948492+ 8                                
0817120112 27.0  1.1  0.0  2.0  0.0  0.0 30.100070234Ｃ．ルメール5600101   8.1   2.40948464+104                               
0817120113 15.0  0.1  0.0  0.0  0.0  0.0 15.100010580荻野極　　　5303101  61.4  11.20948466- 4                                
0817120114 15.0  0.2  0.0  0.0  0.0  0.0 15.200010544国分恭介　　5600101  47.7   7.20948466  0                                
0817120115 33.0  1.1  0.5  2.5  2.3  0.0 39.410010512川田将雅　　5600101  16.9   2.30948504- 4323                             
0817120116 34.0  2.1  2.6  3.0  2.1  0.0 43.800010546松山弘平　　5600101   5.7   1.60948514- 6242                             
0817120201 33.0  1.6  2.7  2.0  2.3  0.0 41.600010580荻野極　　　5103101   5.0   1.51025448  0423                             
0817120202 15.0  0.1  0.0  0.0  0.0  0.0 15.102010550高倉稜　　　5400101  30.8  10.71025460- 2                                
0817120203 28.0  1.5  2.5  3.5  0.0  0.0 35.500010355武豊　　　　5400101   3.6   1.51025442- 4195                             
0817120204 31.3  0.9  2.2  0.0  2.0  0.0 36.412010583坂井瑠星　　5103101  10.8   2.41025456- 4 54                             
0817120205 24.0  0.1 -1.0  0.0  0.0  0.0 23.102010578鮫島克駿　　5301101  43.6  19.81025414- 6                                
0817120206 15.0  0.1  0.0  0.0  0.0  0.0 15.110010451松田大作　　5400101 116.6  19.31025460-10                                
0817120207 35.0  1.5  2.3  2.5  3.3  0.0 44.610010438和田竜二　　5400101   7.0   2.31025444  0312                             
0817120208 29.0  0.2  0.0  0.0  0.0  0.0 29.200010575義英真　　　5301101  41.4   6.11025442+ 2                                
0817120209 14.0  0.5  0.0  0.0  0.0  0.0 14.500010512川田将雅　　5400101  17.6   4.11025406-10                                
0817120210 32.0  0.6  0.4  1.5  0.0  0.0 34.500010534田中健　　　5400101   9.7   2.91025444- 85                               
0817120211 14.2  0.2  0.0  0.0  0.0  0.0 14.410010460太宰啓介　　5400101  53.2   9.81025422+14                                
0817120212 31.0  0.2  1.3  0.0  2.1  0.0 34.600010574松若風馬　　5400101  15.0   3.81025428  0 46                             
0817120213 14.0  0.2 -1.0  0.0  0.0  0.0 13.200010457酒井学　　　5400101  55.4  13.81025432+12                                
0817120214 19.0  0.6 -1.0  0.0  0.0  0.0 18.610070334Ｖ．シュミノ5400101  42.2   8.21025440- 2                                
0817120215 14.0  0.1 -1.0  0.0  0.0  0.0 13.100070329Ｓ．フォーリ5400101  84.0  20.61025440+10                                
0817120216 34.0  2.9  3.3  3.0  2.2  0.0 45.400030182岩田康誠　　5400101   6.2   1.51025440+ 2231                             
0817120301 10.1  0.8  0.0  0.0  0.0  0.0 10.900010457酒井学　　　5400101  15.5   3.81047464                                   
0817120302 10.0  0.4  0.0  0.0  0.0  0.0 10.402010519鮫島良太　　5400101  29.6   5.91047436                                   
0817120303 10.0  0.2  0.0  0.0  0.0  0.0 10.202010532荻野琢真　　5600101  38.2   6.41047482                                   
0817120304 18.9  0.9  0.7  1.5  2.0  0.0 24.000010438和田竜二　　5600101  15.0   3.31047512   555                             
0817120305 28.1  1.9  2.1  3.0  2.3  0.0 37.400010535浜中俊　　　5600101   3.7   1.61047506   222                             
0817120306 36.0  2.8  3.5  3.5  3.3  0.0 49.100010435福永祐一　　5600101   3.7   1.41047436   111                             
0817120307 10.0  0.1 -1.0  0.0  0.0  0.0  9.100010534田中健　　　5400101  73.7  12.81047438                                   
0817120308 10.0  0.6  0.0  0.0  0.0  0.0 10.600010451松田大作　　5600101  31.2   6.21047506                                   
0817120309 10.0  0.4  0.0  0.0  0.0  0.0 10.400010585森裕太朗　　5303101  33.1   5.71047452                                   
0817120310 21.2  1.3  0.9  2.5  2.1  0.0 28.000030182岩田康誠　　5400101   8.5   1.91047470   344                             
0817120311 10.3  0.2 -1.0  0.0  0.0  0.0  9.500010574松若風馬　　5600101  20.3   4.81047514                                   
0817120312 10.0  0.2 -1.0  0.0  0.0  0.0  9.200010580荻野極　　　5303101  36.2   6.91047470                                   
0817120313 10.5  0.2  0.0  0.0  0.0  0.0 10.700010564菱田裕二　　5600101  50.6   6.81047524                                   
0817120314 27.0  0.8  2.1  0.0  2.2  0.0 32.100010515丹内祐次　　5600101  11.0   3.11047512    33                             
0817120315 11.4  0.7  0.0  2.0  0.0  0.0 14.100010419幸英明　　　5600101  11.3   3.11047494   4                               
0817120316 13.5  1.3  0.0  0.0  0.0  0.0 14.800010546松山弘平　　5600101  16.0   4.11047492     6                             
0817120401 52.4  2.3  2.1  3.5  3.3  0.0 63.610070234Ｃ．ルメール5700101   3.4   1.31121490+10111                             
0817120402 40.0  2.3  5.0  3.0  2.2  0.0 52.502070329Ｓ．フォーリ5400101   4.0   1.51121540+ 4235                             
0817120403 52.0  0.4  0.0  0.0  0.0  0.0 52.400010477畑端省吾　　5700101  32.8   5.61121470+ 2  6                             
0817120404 36.0  0.2  0.0  0.0  0.0  0.0 36.200010583坂井瑠星　　5403101  32.7   6.21121470+ 4                                
0817120405 51.0  1.5  2.2  1.5  2.3  0.0 58.512010435福永祐一　　5600101   6.7   2.01121532+16524                             
0817120406 52.2  1.4  1.9  2.0  2.0  0.0 59.500010546松山弘平　　5700101   7.0   1.61121532+ 6453                             
0817120407 42.0  0.3  0.0  0.0  0.0  0.0 42.310010438和田竜二　　5700101  63.8   8.71121506+10                                
0817120408 41.0  0.2 -1.0  0.0  0.0  0.0 40.203010436古川吉洋　　5600101  62.1  10.61121486+14                                
0817120409 35.0  0.0 -1.0  0.0  0.0  0.0 34.000010558藤懸貴志　　5600101 181.9  30.21121498- 4                                
0817120410 36.0  0.0 -1.0  0.0  0.0  0.0 35.002010493黒岩悠　　　5700101 213.8  42.31121556+ 4                                
0817120411 41.0  0.2  0.0  0.0  0.0  0.0 41.202010460太宰啓介　　5500101  88.4  19.91121450+ 2                                
0817120412 44.0  0.1 -1.0  0.0  0.0  0.0 43.100010580荻野極　　　5403101  26.7   6.71121512+ 6                                
0817120413 52.3  2.2  2.5  2.5  2.1  0.0 61.600010446秋山真一郎　5700101   5.1   1.61121476+ 4342                             
0817120414 33.0  0.2  0.0  0.0  0.0  0.0 33.210010578鮫島克駿　　5601101 157.6  16.91121518+20                                
0817120415 48.0  0.9  1.6  0.0  0.0  0.0 50.500010419幸英明　　　5700101  19.0   3.51121518+ 6                                
0817120416 38.2  0.4  0.0  0.0  0.0  0.0 38.610010512川田将雅　　5600101  58.2  12.41121492+14                                
0817120501 25.0  0.2  0.0  0.0  0.0  0.0 25.200010519鮫島良太　　5600101 108.5  13.21214426+ 4                                
0817120502 36.0  0.4  1.8  0.0  2.0  0.0 40.200010579加藤祥太　　5501101  17.1   2.41214486  0 54                             
0817120503 29.0  0.3  0.0  0.0  0.0  0.0 29.300010522北村友一　　5400101  83.2  11.61214390- 8                                
0817120504 35.0  0.2  0.0  0.0  0.0  0.0 35.202010534田中健　　　5600101  37.0   4.61214484- 2                                
0817120505 33.0  0.1 -1.0  2.0  0.0  0.0 34.100010578鮫島克駿　　5501101  19.9   3.11214482- 24                               
0817120506 19.0  0.3 -1.0  0.0  0.0  0.0 18.310010508藤岡佑介　　5600101 203.6  29.61214472-10                                
0817120507 29.0  0.1  0.0  0.0  0.0  0.0 29.110070329Ｓ．フォーリ5600101  37.6   6.01214492+18                                
0817120508 37.0  2.8  3.4  3.5  3.3  0.0 50.000010512川田将雅　　5600101   1.4   1.11214504  0111                             
0817120509 26.0  0.2  0.0  0.0  0.0  0.0 26.210010574松若風馬　　5400101  40.0   5.01214492  0                                
0817120510 34.7  0.6  0.2  0.0  0.0  0.0 35.500070334Ｖ．シュミノ5600101  26.8   3.31214468+ 8                                
0817120511 36.2  0.2  0.0  2.5  0.0  0.0 38.900010546松山弘平　　5600101  15.6   2.51214442  03 6                             
0817120512 36.3  0.6  0.0  0.0  2.1  0.0 39.000010438和田竜二　　5600101  27.0   2.61214442- 6 45                             
0817120513 39.0  3.2  4.1  0.0  0.0  0.0  0.000110355武豊　　　　5600101            1214                                      
0817120514 36.4  1.6  1.8  3.0  2.2  0.0 45.000010455池添謙一　　5400101   8.8   1.41214438- 4232                             
0817120515 33.0  0.1 -1.0  0.0  0.0  0.0 32.100010548川須栄彦　　5400101 101.3  12.11214392- 6                                
0817120516 36.1  1.0  0.2  1.5  2.3  0.0 41.100010536藤岡康太　　5600101  13.5   2.11214452  0523                             
0817120601 40.8  3.3  3.8  3.5  3.3  0.0 54.700010512川田将雅　　5400101   2.1   1.11242398   111                             
0817120602 16.0  0.5  0.0  0.0  0.0  0.0 16.500030182岩田康誠　　5400101  55.5   5.91242432                                   
0817120603 15.0  0.2  0.0  0.0  0.0  0.0 15.200010574松若風馬　　5400101  70.0  11.11242482                                   
0817120604 18.4  0.4  0.0  0.0  2.0  0.0 20.800010438和田竜二　　5400101  18.3   2.51242400    56                             
0817120605 24.6  0.7  0.9  0.0  0.0  0.0 26.200010435福永祐一　　5400101  22.9   4.21242464     5                             
0817120606 16.8  0.4  0.0  0.0  0.0  0.0 17.200010536藤岡康太　　5400101  25.2   4.31242468                                   
0817120607 36.9  2.3  3.1  3.0  2.1  0.0 47.400070234Ｃ．ルメール5400101   3.4   1.31242446   242                             
0817120608 35.7  1.6  2.9  2.5  2.3  0.0 45.000070334Ｖ．シュミノ5400101   8.9   1.51242508   323                             
0817120609 15.0  0.2  0.0  0.0  0.0  0.0 15.200010569城戸義政　　5202101  29.8   4.61242480                                   
0817120610 15.0  0.3  0.0  1.5  0.0  0.0 16.800010452中谷雄太　　5400101  21.1   4.01242448   5                               
0817120611 28.5  0.8  1.5  2.0  2.2  0.0 35.000010508藤岡佑介　　5400101  13.0   2.81242468   434                             
0817120612 15.0  0.1 -1.0  0.0  0.0  0.0 14.100010583坂井瑠星　　5103101 144.3  25.11242440                                   
0817120613 15.0  0.2  0.0  0.0  0.0  0.0 15.200010419幸英明　　　5400101  64.0   8.21242438                                   
0817120614 15.0  0.2  0.0  0.0  0.0  0.0 15.200010436古川吉洋　　5400101 113.4  15.61242396                                   
0817120615 15.3  0.4  0.0  0.0  0.0  0.0 15.700010455池添謙一　　5400101  36.5   4.21242476                                   
0817120616 15.3  0.0 -1.0  0.0  0.0  0.0 14.300010561中井裕二　　5301101 160.4  25.31242418                                   
0817120701 50.0  3.4  3.8  4.5  2.3  0.0 64.000030505岡田祥嗣　　5600101   1.5   1.11312494  0121                             
0817120702 35.7  0.1  0.0  0.0  0.0  0.0 35.810010572小崎綾也　　5501101  59.4   6.51312562+14                                
0817120703 41.0  0.6  0.1  0.0  0.0  0.0 41.710010546松山弘平　　5600101  32.6   3.61312516  0  6                             
0817120704 38.0  0.5  0.6  0.0  0.0  0.0 39.100010430柴田未崎　　5600101  28.2   3.51312526+ 2                                
0817120705 46.0  0.4  0.9  2.0  2.2  0.0 51.510010548川須栄彦　　5600101  24.2   3.21312470+ 4434                             
0817120706 27.4  0.4  0.0  0.0  0.0  0.0 27.800030018小牧太　　　5600101  58.7   7.21312540+26                                
0817120707 25.0  0.1  0.0  0.0  0.0  0.0 25.112010579加藤祥太　　5501101  48.6   4.71312512+ 8                                
0817120708 36.0  0.4  2.0  0.0  0.0  0.0 38.410010455池添謙一　　5700101  42.0   4.71312484+ 4                                
0817120709 50.1  2.9  3.3  3.0  3.3  0.0 62.600070234Ｃ．ルメール5700101   5.0   1.31312488- 2212                             
0817120710 49.0  1.0  2.3  1.5  2.1  0.0 55.900010460太宰啓介　　5700101  15.0   2.11312484+ 4543                             
0817120711 37.0  0.2  0.0  0.0  0.0  0.0 37.210010544国分恭介　　5600101  60.2   9.01312464+ 8                                
0817120712 35.0  0.1 -1.0  0.0  0.0  0.0 34.102010529黛弘人　　　5600101  64.1   7.11312494+ 2                                
0817120713 25.0  0.1 -1.0  0.0  0.0  0.0 24.100010561中井裕二　　5501101  88.6   9.61312512+16                                
0817120714 43.0  0.1  0.0  0.0  0.0  0.0 43.100010568岩崎翼　　　5501101  86.3   6.61312432+ 4  5                             
0817120715 38.4  0.3  0.0  0.0  2.0  0.0 40.700010459竹之下智昭　5700101  41.1   4.31312500- 7 5                              
0817120716 32.0  0.4  0.0  2.5  0.0  0.0 34.900010419幸英明　　　5600101  16.6   2.51312492+ 63                               
0817120801 52.0  0.2  0.2  0.0  0.0  0.0 52.410010564菱田裕二　　5700101  20.4   4.01337504+ 6                                
0817120802 51.0  0.1 -1.0  0.0  0.0  0.0 50.100010572小崎綾也　　5601101 159.4  28.31337486+ 4                                
0817120803 54.1  0.6  0.0  0.0  0.0  0.0 54.700010585森裕太朗　　5403101  19.8   3.71337492+ 2                                
0817120804 44.9  0.1 -1.0  0.0  0.0  0.0 44.010010550高倉稜　　　5700101 145.7  32.41337510+ 8                                
0817120805 40.0  0.1 -1.0  0.0  0.0  0.0 39.100010583坂井瑠星　　5103101  64.5  13.01337488+ 6                                
0817120806 42.0  0.9  0.0  0.0  0.0  0.0 42.910030182岩田康誠　　5700101  23.0   5.61337576-10                                
0817120807 43.4  0.2  0.0  0.0  0.0  0.0 43.600070329Ｓ．フォーリ5700101  16.8   3.71337510+ 6                                
0817120808 57.0  1.3  1.6  0.0  2.0  0.0 61.900070334Ｖ．シュミノ5700101   4.7   2.51337528+ 6 55                             
0817120809 59.0  1.7  3.1  3.0  2.2  0.0 69.000010512川田将雅　　5600101   6.1   2.21337506+ 2231                             
0817120810 55.0  0.6  0.0  2.0  0.0  0.0 57.600010575義英真　　　5601101  11.1   2.71337514+144 6                             
0817120811 53.0  0.4  0.0  0.0  0.0  0.0 53.400010536藤岡康太　　5500101  24.0   4.71337516+ 2                                
0817120812 56.0  1.7  2.6  1.5  3.3  0.0 65.100010436古川吉洋　　5700101  14.0   2.31337474+ 6513                             
0817120813 51.0  0.2  0.0  0.0  0.0  0.0 51.200010558藤懸貴志　　5700101  61.4   8.91337516+ 8                                
0817120814 54.0  0.3  0.0  0.0  0.0  0.0 54.300010446秋山真一郎　5700101  44.5   8.31337510- 2                                
0817120815 54.9  2.4  2.5  3.5  2.3  0.0 65.600010355武豊　　　　5600101   4.1   1.81337512+10122                             
0817120816 56.1  1.5  1.0  2.5  2.1  0.0 63.200070176Ｍ．デムーロ5700101   6.0   2.41337512- 2344                             
0817120901 46.1  1.4  2.4  1.5  2.1  0.0 53.500070176Ｍ．デムーロ5600101   8.4   1.51411484+ 6543                             
0817120902 44.1  1.6  1.6  2.0  2.3  0.0 51.602010522北村友一　　5600101   9.5   1.71411482- 4424                             
0817120903 41.0  0.2  0.0  0.0  0.0  0.0 41.200010419幸英明　　　5400101 116.5  11.91411486- 6                                
0817120904 45.0  3.2  4.1  3.5  3.3  0.0 59.100010355武豊　　　　5600101   1.5   1.11411500+10111                             
0817120905 41.0  1.0  0.8  0.0  0.0  0.0 42.800010455池添謙一　　5600101  36.8   3.31411478  0                                
0817120906 47.3  1.6  0.1  2.5  2.2  0.0 53.700010512川田将雅　　5400101  13.2   1.81411490+ 4332                             
0817120907 43.0  1.4  2.4  0.0  0.0  0.0 46.800010435福永祐一　　5400101  22.0   3.01411484+ 2  6                             
0817120908 44.7  0.9  0.7  0.0  0.0  0.0 46.310070334Ｖ．シュミノ5600101  34.1   3.61411464+ 4                                
0817120909 41.0  1.6  2.6  3.0  0.0  0.0 48.200070234Ｃ．ルメール5600101   5.0   1.11411492+ 22 5                             
0817121001 62.2  2.8  4.4  3.5  2.1  0.0 75.000010535浜中俊　　　5700101   3.9   1.81445524+18141                             
0817121002 57.0  0.2  0.0  0.0  0.0  0.0 57.200010578鮫島克駿　　5700101  34.3   5.71445494- 6                                
0817121003 51.5  0.1 -1.0  0.0  0.0  0.0 50.602070329Ｓ．フォーリ5700101 133.6  31.81445498+10                                
0817121004 59.1  1.5  1.9  3.0  0.0  0.0 65.510010435福永祐一　　5600101   4.9   1.71445532+ 8294                             
0817121005 51.0  0.3 -1.0  0.0  0.0  0.0 50.310010522北村友一　　5700101 101.5  28.21445530+ 8                                
0817121006 59.0  1.3  2.5  0.0  2.2  0.0 65.002010512川田将雅　　5700101  13.2   2.81445520+12 35                             
0817121007 52.0  0.1 -1.0  0.0  0.0  0.0 51.110010419幸英明　　　5700101 191.1  41.31445480+ 6                                
0817121008 60.0  0.8  0.0  1.5  0.0  0.0 62.300070334Ｖ．シュミノ5700101   9.3   2.61445484+ 25 6                             
0817121009 53.0  0.3  0.0  0.0  0.0  0.0 53.300010438和田竜二　　5700101  16.5   3.81445490+ 6                                
0817121010 58.0  0.6  0.5  0.0  2.3  0.0 61.400030182岩田康誠　　5700101  20.1   4.61445480+ 2 2                              
0817121011 55.0  0.2  0.0  0.0  0.0  0.0 55.200010452中谷雄太　　5700101  27.2   5.71445516+ 6                                
0817121012 58.0  0.1 -1.0  0.0  0.0  0.0 57.100010430柴田未崎　　5700101  60.3  13.31445504+ 4                                
0817121013 54.0  0.6  0.0  0.0  0.0  0.0 54.600070176Ｍ．デムーロ5600101  12.1   4.11445480+ 8                                
0817121014 59.2  1.3  2.2  2.0  2.0  0.0 66.702010548川須栄彦　　5700101   6.5   1.91445532+ 6453                             
0817121015 62.0  1.6  2.3  2.5  3.3  0.0 71.700010546松山弘平　　5600101   7.2   2.11445526  0312                             
0817121016 50.0  0.2  0.0  0.0  0.0  0.0 50.210010574松若風馬　　5700101  38.8   8.11445500+ 8                                
0817121101 62.9  0.2  0.0  0.0  0.0  0.0 63.110070329Ｓ．フォーリ5700101  33.6   5.71520484+ 2                                
0817121102 60.0  1.0  2.8  2.0  0.0  0.0 65.800010561中井裕二　　5800101   6.9   2.31520504  04 6                             
0817121103 50.0  0.0  0.0  0.0  0.0  0.0 50.010010554嶋田純次　　5400101 226.9  36.81520438-10                                
0817121104 64.0  0.8  0.0  0.0  0.0  0.0 64.800010390四位洋文　　5600101  11.9   2.91520522+ 2                                
0817121105 62.1  1.0  0.2  0.0  0.0  0.0 63.300010512川田将雅　　5400101  12.7   3.41520466+ 8                                
0817121106 60.0  0.1  0.0  0.0  0.0  0.0 60.100010559森一馬　　　5800101  24.0   5.81520446+ 2                                
0817121107 66.2  0.5  0.0  0.0  2.1  0.0 68.800010522北村友一　　5600101  19.6   3.51520500+ 2 45                             
0817121108 56.0  0.6  0.0  0.0  0.0  0.0 56.600010535浜中俊　　　5600101  33.8   6.31520486+ 6                                
0817121109 60.0  0.2  0.0  0.0  0.0  0.0 60.202010515丹内祐次　　5600101  54.3   8.01520494+ 4                                
0817121110 55.0  0.4  0.0  0.0  0.0  0.0 55.400010455池添謙一　　5400101  37.2   7.31520474- 4                                
0817121111 67.0  0.4  0.2  1.5  3.3  0.0 72.400010451松田大作　　5500101   9.0   2.91520494+ 2514                             
0817121112 65.0  2.5  3.5  3.5  2.3  0.0 76.810010355武豊　　　　5600101   4.2   1.61520484+ 2121                             
0817121113 66.0  1.4  2.1  2.5  2.2  0.0 74.200070234Ｃ．ルメール5600101   6.2   2.11520494+ 8333                             
0817121114 56.0  0.4  0.0  0.0  0.0  0.0 56.400010536藤岡康太　　5600101  43.9   7.91520560+ 6                                
0817121115 63.0  2.8  3.4  3.0  2.0  0.0 74.200010419幸英明　　　5600101   4.9   1.81520464+ 4252                             
0817121116 55.0  0.2  0.0  0.0  0.0  0.0 55.200010529黛弘人　　　5300101  73.0  12.41520448- 2                                
0817121201 53.0  0.4 -1.0  0.0  0.0  0.0 52.410010455池添謙一　　5700101  60.1   9.61558522+12                                
0817121202 58.0  1.6  2.6  3.5  3.3  0.0 69.000010546松山弘平　　5600101   5.6   2.01558450  0111                             
0817121203 55.0  0.5  0.0  0.0  0.0  0.0 55.500030182岩田康誠　　5700101  25.4   4.31558448+ 2                                
0817121204 52.0  1.4  0.1  3.0  0.0  0.0 56.510070176Ｍ．デムーロ5600101   5.1   2.11558484  02                               
0817121205 56.1  0.5  0.0  2.5  0.0  0.0 59.100010522北村友一　　5700101  18.4   4.71558506+ 43 6                             
0817121206 40.0  0.0  0.0  0.0  0.0  0.0 40.000010568岩崎翼　　　5401101 138.0  28.61558462+ 3                                
0817121207 57.0  0.6  0.0  0.0  2.0  0.0 59.612010580荻野極　　　5403101  15.6   3.71558466+ 2 55                             
0817121208 55.1  0.4  0.0  0.0  0.0  0.0 55.510070334Ｖ．シュミノ5700101  17.5   4.91558464- 2                                
0817121209 57.8  1.6  0.9  2.0  2.2  0.0 64.502010436古川吉洋　　5400101   8.9   2.31558458+12432                             
0817121210 57.1  1.4  0.0  0.0  2.1  0.0 60.602010435福永祐一　　5700101  10.1   3.01558494+ 2 44                             
0817121211 49.7  0.4  0.5  0.0  0.0  0.0 50.612010451松田大作　　5700101  19.1   4.01558464-10                                
0817121212 46.1  0.1 -1.0  0.0  0.0  0.0 45.210070329Ｓ．フォーリ5600101  67.3  12.11558466+ 8                                
0817121213 50.0  0.3 -1.0  0.0  0.0  0.0 49.300010446秋山真一郎　5500101  57.8  13.61558466  0                                
0817121214 56.0  0.4  1.5  0.0  0.0  0.0 57.900010548川須栄彦　　5700101  31.3   5.41558458+ 8                                
0817121215 51.0  1.2  0.2  0.0  0.0  0.0 52.400070234Ｃ．ルメール5400101  10.2   3.31558438  0                                
0817121216 55.3  1.8  1.7  1.5  2.3  0.0 62.600010355武豊　　　　5700101   4.6   1.81558498+ 4523                             
